75 100
662 50 388 946 516 862 641 974 164 895 372 780 818 865 418 0 216 685 745 299 313 660 480 883 94 337 747 953 928 911 344 6 119 344 209 723 170 307 645 864 652 210 96 249 966 827 417 57 395 117 992 321 187 928 450 274 531 95 141 875 213 864 443 730 985 733 805 294 600 855 170 315 604 697 412 79 376 503 500 19 6 165 645 260 209 761 126 482 639 985 31 751 838 905 959 111 917 813 708 279
402 683 393 134 298 322 879 533 917 78 932 606 136 837 121 820 247 308 796 85 330 72 973 744 501 69 67 411 640 293 505 395 580 478 809 529 835 13 661 219 166 140 997 144 759 887 638 620 490 37 966 751 954 916 634 275 478 364 273 19 454 474 753 390 736 210 331 233 262 366 751 190 542 21 888 244 61 640 281 556 213 309 338 46 24 858 291 123 697 796 959 428 693 863 626 431 195 411 800 665
704 550 968 604 560 994 540 621 702 217 209 208 945 62 471 101 487 864 166 436 671 608 474 675 562 432 905 541 944 169 208 583 164 965 697 948 219 537 514 395 377 428 827 124 72 51 349 705 187 560 693 222 959 413 131 96 164 281 415 540 488 904 243 540 933 349 820 414 545 616 944 814 39 247 638 655 88 587 616 4 109 865 762 235 85 746 124 939 623 553 912 720 122 683 206 916 848 734 438 786
687 518 52 370 259 305 419 707 73 664 9 682 104 607 162 839 696 814 268 508 27 760 143 399 262 955 870 358 342 854 535 780 163 952 158 851 619 693 585 944 804 339 350 693 316 552 497 475 297 866 523 980 158 729 551 836 174 84 371 584 233 528 361 497 887 300 207 363 91 151 357 103 417 255 980 760 102 173 178 661 854 819 487 344 51 796 404 896 158 377 668 461 2 875 417 411 777 494 977 399
94 416 132 721 7 586 763 422 98 878 802 817 1 522 762 411 271 313 474 868 872 258 747 109 292 208 924 260 265 80 545 550 449 590 492 491 257 19 971 463 470 779 446 341 115 176 798 320 840 647 956 123 685 683 254 639 58 192 154 153 128 470 846 862 213 629 450 602 112 99 782 576 603 463 29 588 610 58 178 197 308 131 450 354 888 127 431 137 292 47 297 130 175 188 39 373 317 148 11 45
415 914 871 35 523 26 576 504 954 175 821 341 304 343 584 465 899 439 731 183 978 205 346 292 18 111 921 183 278 123 892 249 1 575 153 522 846 681 190 424 495 854 356 896 150 751 393 237 410 803 796 202 814 980 179 453 400 193 946 281 495 382 543 220 668 210 325 579 209 434 361 564 835 401 903 544 16 25 279 895 677 928 768 58 235 41 770 372 447 701 87 938 833 649 624 190 473 729 21 115
549 490 886 238 140 215 517 414 650 278 846 467 588 477 215 876 53 272 348 940 344 432 375 385 595 397 727 138 796 956 633 624 419 681 606 130 338 159 591 371 336 82 286 332 665 644 565 246 620 356 93 563 825 225 994 101 279 287 509 797 384 810 204 633 51 3 315 272 760 571 432 696 719 223 760 396 846 785 679 299 370 760 566 430 157 284 427 921 649 905 154 797 694 755 303 594 717 767 331 371
602 604 768 498 503 942 377 676 339 7 311 883 166 65 577 899 948 66 51 759 411 70 449 458 440 813 367 561 797 864 396 547 143 257 786 39 110 564 574 104 324 229 734 418 32 2 528 147 105 687 727 321 427 487 474 9 107 653 139 293 563 697 243 941 428 778 590 31 229 850 262 350 115 721 924 212 11 879 429 509 859 205 959 923 832 639 58 907 987 567 709 564 294 197 788 194 983 578 997 897
189 412 143 630 261 529 285 628 610 872 704 106 67 718 343 175 397 507 70 911 799 101 257 435 42 321 914 884 803 516 550 476 492 310 698 63 757 308 390 902 412 680 654 283 454 275 289 192 181 512 575 66 920 858 809 267 873 930 495 289 891 818 951 206 517 341 219 428 92 446 350 891 283 277 681 692 700 712 613 633 364 837 866 459 570 613 435 886 111 567 274 225 324 722 434 684 468 49 230 791
301 971 874 640 317 618 556 498 271 880 817 457 929 641 396 990 118 138 740 22 932 671 82 721 351 615 336 423 627 663 711 796 518 482 26 349 114 311 630 441 649 510 644 645 515 949 302 812 833 323 518 844 436 341 521 706 421 616 855 464 476 771 93 97 566 330 994 414 107 94 242 65 495 151 983 635 729 850 404 835 853 732 934 873 373 210 165 58 213 19 115 877 296 706 391 803 773 752 743 818
791 818 993 455 765 22 463 610 168 889 925 523 64 609 936 891 492 958 195 983 58 942 595 630 599 736 223 777 9 263 578 880 613 931 174 137 798 732 68 537 836 721 989 15 643 251 510 199 524 988 12 877 563 773 487 57 708 117 694 463 342 131 470 690 361 374 560 409 226 823 203 943 305 350 203 494 427 405 681 938 272 694 307 364 309 762 659 304 699 415 431 528 397 907 375 86 225 355 286 837
369 889 736 553 993 764 642 385 836 437 873 576 770 953 567 113 205 275 970 602 961 275 127 989 502 483 611 537 521 693 713 956 739 827 443 295 54 847 355 985 853 41 949 353 991 867 375 513 713 699 732 964 698 703 97 118 617 693 807 225 797 898 407 74 775 426 773 151 137 345 860 354 353 450 966 895 818 886 731 548 470 47 505 261 828 133 909 125 321 883 645 297 462 39 242 729 146 985 288 117
943 420 466 5 392 322 638 649 351 497 886 288 71 186 686 151 737 876 931 285 837 215 204 50 254 759 110 277 275 376 309 220 940 773 514 353 982 997 137 448 957 564 274 895 777 753 537 782 309 27 960 768 470 928 739 455 832 131 634 626 191 173 589 235 9 675 96 986 26 929 295 57 409 342 498 43 95 687 273 302 164 909 700 924 407 883 301 74 610 725 59 398 130 771 382 562 55 754 273 797
266 833 85 622 49 384 399 621 543 602 6 30 689 246 532 707 800 384 313 219 94 397 470 778 957 333 405 177 665 836 60 551 758 139 277 759 378 172 644 459 351 610 89 999 345 275 396 776 348 33 746 267 654 385 11 184 465 942 280 48 218 593 342 586 232 947 642 176 950 912 365 56 949 508 890 915 720 445 411 762 92 462 88 764 341 906 650 498 286 346 408 387 424 617 870 709 747 941 442 739
908 601 369 829 363 198 876 650 891 471 41 695 452 703 214 142 957 906 758 425 273 807 840 393 468 838 34 214 362 359 959 70 952 60 531 574 756 941 849 219 369 541 697 747 633 141 466 290 925 834 87 370 385 233 738 260 491 741 225 569 757 54 74 954 475 377 939 243 715 555 582 721 96 328 328 891 466 705 271 632 926 77 365 495 869 995 445 482 513 148 777 842 818 913 725 35 746 256 382 681
755 509 123 146 959 505 375 99 195 115 205 807 431 373 576 809 106 966 358 145 878 187 3 892 759 156 484 592 547 398 150 282 475 940 654 81 781 407 619 621 886 341 178 100 846 676 224 212 847 643 552 103 14 617 249 665 968 275 547 789 384 822 274 47 536 458 975 829 83 755 643 495 188 977 426 765 177 379 116 985 272 754 878 788 901 820 348 464 242 737 80 724 849 968 949 743 543 57 26 527
710 196 922 790 436 889 639 962 733 355 765 507 803 334 137 336 435 389 110 617 216 693 17 962 671 256 838 228 803 497 956 342 591 874 960 225 765 296 234 88 387 986 557 271 503 397 424 684 435 121 124 262 81 194 787 888 175 443 643 706 215 855 592 464 378 867 238 225 897 474 657 288 135 675 389 260 573 701 816 177 564 626 828 802 355 553 795 80 821 814 664 649 557 545 68 779 761 922 334 689
299 457 932 110 454 340 312 322 807 487 915 25 603 638 195 717 335 40 482 353 350 148 685 547 806 346 960 170 41 586 670 989 373 22 942 910 253 305 404 566 866 33 679 620 532 133 333 83 197 14 425 578 308 605 480 459 329 267 783 311 427 687 100 886 222 658 432 587 529 50 110 418 425 406 819 895 675 717 283 375 312 117 563 449 227 826 994 601 79 652 312 837 390 41 88 683 996 11 827 155
169 406 887 597 908 653 172 478 105 473 49 582 922 882 387 11 619 910 246 437 223 802 650 917 67 614 195 555 45 598 415 549 812 755 558 813 789 351 597 713 190 745 266 770 860 673 926 824 140 92 720 264 69 12 57 394 661 464 586 282 556 726 30 149 807 398 384 562 841 964 26 616 129 736 840 667 154 500 195 495 145 428 861 957 87 922 217 693 35 217 502 514 397 38 7 673 340 442 311 927
762 350 266 423 690 386 706 126 17 380 262 495 892 1 829 919 797 365 119 329 190 343 99 626 860 569 945 584 252 531 187 705 262 582 598 303 487 920 242 933 223 509 115 856 140 184 510 241 31 124 251 539 823 918 682 495 975 219 457 352 957 125 480 762 589 20 364 912 451 793 328 310 398 663 326 76 793 391 209 292 785 927 348 230 930 360 513 618 840 937 937 68 960 255 343 845 981 566 243 676
598 985 478 311 503 211 975 628 182 418 170 863 375 851 961 562 922 286 879 847 516 93 303 803 521 398 109 210 967 643 70 691 708 956 936 757 135 531 863 530 557 104 608 507 729 674 400 998 290 164 183 438 847 137 464 486 201 286 48 667 498 129 421 940 448 132 544 433 3 799 59 387 207 813 519 900 953 128 717 616 519 882 298 887 888 589 559 551 631 146 12 772 955 847 163 889 933 194 211 541
138 193 153 624 983 51 732 318 748 586 827 110 329 808 238 727 880 985 679 561 595 64 513 65 488 75 394 961 806 367 43 926 741 683 453 65 204 684 427 862 392 36 377 194 307 992 634 580 882 314 628 149 293 611 874 617 886 1 277 98 243 835 27 740 978 201 531 580 169 254 594 739 0 260 221 894 754 625 717 955 586 711 250 116 69 982 507 233 177 291 32 92 435 376 259 694 38 504 440 241
104 19 59 587 404 894 658 950 598 537 182 551 433 258 159 973 886 410 821 563 140 187 636 201 744 762 724 208 455 951 272 345 88 408 419 549 729 960 739 1 543 984 482 563 527 647 953 78 519 191 534 212 561 250 524 587 458 6 602 730 70 879 590 606 927 879 875 518 113 1 187 346 571 637 428 827 978 607 155 844 181 662 488 400 613 473 304 694 668 634 249 724 873 871 635 886 623 46 39 141
882 936 412 406 718 906 565 775 304 815 49 293 802 610 149 592 975 186 626 815 10 961 523 168 986 452 67 312 561 356 62 613 987 331 417 815 716 667 809 844 182 999 768 19 885 332 882 806 40 410 196 361 548 104 998 538 496 5 579 307 576 307 397 190 694 242 148 160 605 840 551 517 556 648 10 585 998 647 55 584 213 817 626 929 531 134 960 702 817 0 840 167 444 162 305 715 760 511 637 935
116 861 231 356 851 963 493 592 690 855 925 935 154 863 825 219 752 885 720 258 505 312 864 268 63 42 517 752 735 675 168 319 412 939 484 374 770 809 719 497 601 799 48 779 939 486 246 818 103 798 283 76 781 817 806 120 580 810 505 933 450 585 209 164 632 442 150 89 41 512 252 878 259 302 673 203 787 391 627 632 730 157 6 677 184 215 973 990 228 457 241 781 114 504 575 286 419 275 332 545
557 750 113 66 432 520 352 863 771 807 450 48 782 665 511 975 75 451 540 691 169 241 29 266 213 335 794 935 666 350 614 261 74 518 58 751 699 990 266 942 656 637 763 16 620 989 4 800 138 926 692 78 623 825 952 969 793 335 25 216 206 965 475 622 647 559 425 763 691 168 538 447 559 236 987 593 204 432 537 976 608 45 471 877 698 34 216 834 681 158 977 731 600 310 897 547 661 116 408 850
345 224 69 137 706 501 606 845 215 601 857 0 911 162 389 375 792 133 105 281 553 653 883 614 815 563 86 304 90 0 115 550 508 133 469 925 942 235 410 991 148 55 938 137 982 80 802 385 403 173 328 826 296 750 477 775 445 437 344 645 291 502 268 719 385 768 551 25 541 861 854 242 993 744 425 839 525 482 90 546 185 937 759 409 62 846 851 241 587 583 201 82 485 240 400 828 568 845 695 67
414 587 336 792 769 551 232 712 468 732 245 494 470 699 64 938 605 911 26 528 61 108 193 3 34 190 982 770 214 865 837 526 29 119 865 431 911 906 222 712 93 857 335 112 947 492 299 779 415 845 536 872 8 9 592 841 182 613 340 316 99 857 445 247 424 432 226 779 747 102 273 590 305 442 33 843 412 484 731 216 352 354 415 712 347 448 393 186 287 71 106 500 625 841 982 405 539 514 501 358
670 893 63 914 219 316 598 863 989 610 458 637 383 474 177 432 925 165 734 996 472 911 167 382 408 823 439 959 763 767 32 946 454 795 197 884 553 836 555 55 15 779 755 64 787 608 940 250 435 50 756 703 432 957 69 330 480 367 733 112 493 995 499 673 927 921 503 460 508 653 32 50 979 802 273 74 787 923 994 451 661 721 922 983 630 643 337 456 618 967 487 470 810 648 100 222 83 540 453 911
532 174 404 716 86 545 723 948 537 802 328 446 413 691 118 4 859 537 981 656 985 445 263 36 819 778 900 808 196 276 772 646 692 435 485 463 96 454 567 263 105 90 97 215 723 875 832 518 144 94 298 926 837 34 739 757 621 267 589 159 275 520 274 340 752 378 19 710 965 432 634 721 297 987 291 878 737 796 864 422 445 847 126 857 90 939 661 126 677 818 938 730 847 207 708 469 314 309 746 385
563 522 491 553 807 3 171 406 773 802 628 187 525 35 533 29 4 742 444 892 594 724 964 73 292 443 58 571 534 994 763 954 632 711 504 300 122 679 554 593 819 408 742 329 350 38 669 534 976 504 423 462 572 882 646 877 447 153 587 156 170 493 557 689 615 21 139 874 309 380 611 688 530 510 738 481 114 272 547 313 276 322 268 339 920 972 255 926 172 171 219 958 788 786 171 549 401 272 738 323
706 554 170 800 937 970 814 433 203 752 465 893 20 244 899 612 443 584 886 910 903 157 972 351 850 207 836 668 557 528 853 379 354 571 90 677 936 734 746 198 702 348 870 417 905 813 235 599 191 946 67 501 19 958 265 914 286 637 126 421 109 958 719 544 200 81 187 494 728 615 408 319 59 752 212 637 738 446 688 987 175 695 774 418 121 292 434 184 877 491 2 947 716 76 681 941 473 250 675 588
121 472 89 664 336 940 936 596 315 102 938 560 474 663 982 806 69 312 554 125 876 998 591 449 325 835 320 993 594 562 763 155 297 408 923 858 557 166 662 431 548 277 268 115 974 601 574 978 985 442 261 208 668 237 383 372 415 681 427 480 330 430 854 281 432 261 201 303 124 360 156 202 337 443 307 240 101 98 377 18 26 742 229 795 178 15 727 687 76 558 805 786 772 354 843 466 278 278 430 765
940 708 39 558 225 923 321 25 583 828 961 85 148 558 270 267 537 395 411 140 114 290 396 242 131 152 702 312 183 478 69 367 201 190 414 24 354 950 123 725 20 201 418 374 743 454 167 507 637 175 188 339 875 97 850 384 277 972 808 97 72 23 958 42 750 412 103 714 864 661 512 878 194 565 123 727 748 528 276 842 243 651 710 839 629 807 590 407 50 491 840 207 581 309 530 464 120 372 581 505
652 270 373 734 8 226 933 902 777 994 885 571 902 287 60 721 838 330 266 837 931 3 876 44 814 215 684 290 371 562 63 981 960 19 81 367 799 309 14 511 53 550 907 574 325 194 469 706 286 317 474 908 49 666 637 947 51 300 101 251 816 855 726 945 613 588 943 636 223 875 209 228 236 692 992 171 532 566 901 337 975 612 711 866 301 105 900 490 317 428 933 622 416 512 975 678 872 143 751 156
502 122 24 1 752 65 981 162 523 55 244 210 187 601 936 798 842 526 489 320 906 421 339 306 984 868 769 279 131 544 796 798 925 619 88 766 318 288 23 99 367 32 243 580 218 623 629 94 659 877 306 820 304 698 415 897 961 671 428 656 608 145 785 613 590 862 746 628 809 852 857 108 399 831 770 858 273 519 362 207 293 27 65 228 6 759 740 354 270 151 185 236 796 893 196 419 179 555 190 128
610 607 441 516 810 401 278 690 79 711 643 882 882 209 862 60 951 410 184 732 822 392 537 21 215 48 135 968 116 213 899 802 476 724 71 37 902 449 702 438 291 417 333 72 201 491 674 246 910 607 738 778 934 278 714 419 865 680 760 642 879 160 42 379 44 167 872 920 140 225 968 399 90 125 85 350 354 397 514 321 993 186 301 49 440 626 651 124 130 248 198 621 507 720 976 560 2 632 252 69
553 890 471 296 428 199 250 387 520 321 663 190 916 239 668 909 983 326 836 10 415 566 86 582 701 279 155 681 465 60 485 577 283 826 763 936 880 194 381 870 173 747 14 6 127 29 23 965 401 898 808 541 291 618 146 712 966 409 897 132 816 896 50 983 765 458 812 365 426 551 722 839 875 858 59 26 741 441 697 628 48 115 939 405 952 305 881 73 360 990 953 255 653 324 297 619 731 702 950 47
683 183 788 580 291 843 801 47 988 357 585 42 790 824 439 635 505 284 485 508 458 363 530 436 913 586 826 262 482 67 31 518 51 999 281 534 701 303 16 417 987 547 546 415 362 412 139 211 906 472 285 222 738 275 531 303 496 166 424 354 610 839 175 920 993 357 799 418 457 302 607 954 614 53 955 139 512 797 820 73 860 427 829 795 970 689 567 247 910 155 551 687 767 278 184 922 553 889 402 673
500 87 72 578 177 989 496 344 529 264 305 74 933 449 68 396 117 106 795 759 67 676 505 121 258 162 824 251 33 77 250 547 624 689 774 388 224 986 864 870 114 297 470 199 454 210 445 67 695 177 827 11 880 448 26 519 568 90 685 676 125 538 865 743 14 327 702 60 239 698 610 369 409 566 997 845 591 911 102 865 790 953 619 222 100 685 237 772 698 40 601 144 961 91 894 492 171 467 6 605
514 849 354 644 735 54 834 839 364 524 143 347 720 170 138 98 188 211 364 321 170 203 995 29 868 852 647 519 358 975 958 448 788 846 115 705 787 110 979 686 352 821 364 967 82 536 473 895 820 409 907 986 948 487 505 960 945 332 223 849 108 466 133 679 679 118 51 985 918 277 895 976 185 473 691 846 796 703 970 290 936 161 616 479 115 868 551 627 806 865 22 439 670 795 833 293 998 528 747 580
33 115 310 798 968 337 166 115 417 434 984 233 662 137 986 101 42 257 554 928 303 544 5 887 240 592 956 757 656 643 95 423 532 425 84 808 743 74 478 58 230 360 900 87 384 996 91 731 839 599 873 961 291 314 437 1 701 78 893 878 589 60 858 265 18 439 594 548 878 921 80 814 463 164 329 163 247 17 652 509 465 231 995 235 973 191 142 916 685 645 457 981 480 685 977 880 228 268 255 235
886 948 837 557 111 781 800 964 960 172 580 305 22 589 977 695 396 198 85 139 768 466 61 686 386 535 553 981 604 469 178 602 573 664 598 176 979 179 797 554 477 676 990 796 363 613 463 151 574 970 493 582 838 587 374 327 103 339 49 452 127 804 306 970 252 961 136 993 444 692 599 393 779 945 955 153 747 434 76 878 353 204 465 472 446 61 659 932 450 957 101 334 887 546 841 910 165 878 39 582
862 48 124 807 371 482 842 829 101 677 204 794 329 514 738 259 979 748 898 623 336 281 55 941 879 120 217 67 157 288 684 953 950 793 553 348 256 918 43 136 689 736 487 234 227 921 226 289 632 38 908 549 944 141 210 685 584 389 939 557 631 742 35 463 176 334 661 929 861 766 476 908 505 117 593 545 528 308 137 972 924 731 953 506 368 193 43 786 255 317 952 94 22 106 164 420 581 335 947 873
771 507 43 513 594 926 442 644 581 516 14 177 315 881 597 137 692 5 909 405 864 28 756 553 421 659 258 14 977 321 984 981 493 226 680 552 162 72 15 945 961 2 767 939 819 853 240 844 149 569 244 156 512 876 1 849 534 239 730 92 609 942 708 786 230 365 448 961 654 409 648 389 671 524 525 362 383 232 333 959 270 517 828 20 148 565 557 308 125 28 407 701 950 563 127 894 504 852 833 53
506 236 150 500 354 347 954 785 893 875 515 947 731 380 865 541 629 650 392 803 195 822 863 547 801 463 430 930 797 966 790 639 885 166 981 553 627 140 570 203 290 612 75 80 182 691 516 300 691 721 356 844 461 255 465 535 162 273 761 194 0 936 11 862 303 636 47 841 51 57 795 79 328 959 68 659 113 295 981 1 340 904 236 905 347 319 277 838 9 156 117 844 463 306 146 204 650 653 876 676
2 590 660 71 665 20 653 786 646 680 598 285 422 112 494 218 68 490 588 566 12 427 259 504 369 880 427 558 583 310 365 962 291 200 909 735 404 181 493 209 226 721 532 169 16 690 282 259 574 613 821 543 379 296 823 163 194 438 981 980 802 614 663 397 926 435 174 381 972 327 402 555 467 562 605 262 148 966 930 106 442 740 420 721 669 821 459 499 260 979 483 29 849 242 625 658 717 534 661 908
137 917 721 332 844 196 408 984 283 118 959 933 681 642 638 110 194 965 110 545 12 11 553 274 365 473 735 50 47 783 514 306 341 191 567 564 548 610 378 285 121 395 753 612 776 116 494 727 2 153 191 756 135 200 9 265 528 509 467 275 721 264 825 821 601 111 578 666 622 470 169 690 335 180 871 178 545 212 196 318 602 136 832 913 244 135 913 217 905 921 105 14 954 78 790 452 823 583 615 81
626 162 563 212 970 360 793 578 774 356 734 87 224 316 80 214 90 799 69 769 697 237 349 753 616 842 641 359 451 550 343 297 661 988 300 669 498 396 667 357 904 87 434 980 925 728 822 841 70 19 828 558 959 907 773 256 8 175 721 849 99 49 41 898 555 709 647 69 273 736 177 594 251 886 578 983 99 933 60 109 573 760 21 6 62 551 979 170 166 600 975 175 760 179 87 782 409 139 482 805
639 610 844 90 573 208 370 289 68 516 354 28 277 958 581 653 908 324 637 584 133 415 51 330 274 285 979 105 513 799 277 838 805 800 79 352 368 401 843 929 401 161 48 867 456 450 679 897 379 140 739 352 849 804 399 79 824 397 778 499 157 21 345 409 851 536 424 783 865 334 0 562 7 413 627 961 257 645 408 391 330 582 109 576 175 411 42 23 751 891 225 882 116 467 419 782 641 278 443 959
939 405 490 799 196 958 824 31 792 163 672 232 583 188 280 393 52 492 218 83 454 900 791 225 630 931 59 279 259 613 927 760 910 744 807 43 432 389 898 798 267 117 953 879 29 607 244 962 560 281 293 43 77 217 471 953 608 180 258 498 926 498 991 217 563 458 280 149 860 744 341 66 786 770 392 991 150 6 617 125 555 953 568 185 61 916 461 693 367 679 820 316 331 125 973 785 147 945 333 159
104 153 451 503 523 698 553 578 232 12 585 26 337 895 404 398 352 45 54 637 806 545 335 121 392 640 770 435 922 151 729 155 32 684 282 174 805 574 315 551 523 247 329 112 38 809 515 447 450 354 503 959 842 915 566 225 525 2 618 124 896 668 634 130 770 3 205 410 601 53 78 492 800 413 325 45 913 362 121 535 976 250 380 729 561 133 435 141 441 667 61 195 859 436 741 997 631 49 634 907
146 10 488 954 169 35 38 389 834 757 855 264 180 865 775 856 411 833 95 535 572 506 123 29 864 192 536 641 806 225 222 4 93 954 938 627 307 895 809 924 911 206 628 227 887 375 216 361 493 927 538 112 308 266 462 331 898 380 291 924 377 315 715 899 948 564 168 97 170 515 921 383 244 606 318 702 558 86 334 230 927 676 951 411 889 820 276 661 810 486 672 551 145 469 446 355 49 77 341 75
378 508 725 124 579 853 864 940 257 151 578 379 936 801 229 60 212 171 611 323 860 363 707 733 30 737 986 744 767 144 366 398 155 910 728 350 286 179 443 979 265 798 49 421 232 798 998 337 894 581 119 730 913 304 575 517 528 507 424 310 877 510 204 486 726 602 692 702 142 562 701 299 697 784 227 471 174 27 776 86 384 965 156 659 674 983 336 445 29 757 640 777 862 144 547 418 823 292 993 843
294 6 0 317 219 337 276 689 16 361 723 579 36 884 897 630 87 374 708 722 605 576 833 547 772 803 949 719 153 125 165 397 769 868 606 6 909 293 90 697 356 354 646 364 329 922 774 446 282 954 236 905 309 495 144 132 450 403 570 6 977 644 516 325 768 234 377 200 785 313 122 470 135 233 832 895 650 374 53 866 711 620 973 572 394 620 739 134 559 767 650 672 822 594 459 362 744 336 819 330
676 525 952 870 696 82 919 260 343 569 841 720 162 633 656 971 553 579 259 437 329 544 482 195 459 604 94 534 833 437 372 54 585 113 452 216 660 128 279 690 161 199 773 252 851 218 649 538 286 809 294 899 727 166 98 338 430 802 906 436 950 594 936 618 695 955 775 406 7 737 290 661 214 748 143 256 543 172 739 925 814 739 151 16 638 632 676 170 660 193 317 655 533 828 176 922 845 772 549 355
470 502 68 470 350 205 332 325 877 632 624 248 374 757 406 382 679 223 783 567 702 373 720 613 43 273 446 764 667 498 689 3 459 785 459 211 233 56 462 1 94 183 994 581 792 3 197 196 459 697 69 120 510 166 398 519 940 243 986 658 767 37 449 911 880 518 611 884 564 238 470 899 449 811 90 114 683 876 906 566 658 298 950 488 710 400 498 778 875 548 592 918 450 409 722 1 793 807 948 729
157 664 166 55 826 52 775 427 286 943 634 497 83 994 678 628 310 560 473 473 899 179 775 903 560 374 490 757 38 141 453 415 383 618 68 430 963 41 220 88 886 51 874 832 885 926 987 363 132 841 43 712 144 312 161 242 711 717 653 10 118 151 265 572 736 694 914 216 451 278 545 165 67 298 631 670 177 817 694 732 245 400 842 258 313 569 380 272 624 814 894 424 560 790 24 105 67 431 66 708
889 841 562 534 864 628 226 954 183 489 997 139 166 911 725 899 218 808 375 82 972 635 76 405 778 835 196 845 801 692 171 587 63 590 701 521 825 100 766 416 473 97 301 339 940 568 664 414 488 880 967 622 360 815 460 897 984 44 986 304 270 219 18 908 312 623 504 128 83 16 539 709 923 595 263 967 931 364 348 905 805 893 971 823 466 426 338 699 333 934 325 800 143 699 60 212 872 439 256 745
164 591 806 193 824 754 520 651 929 487 722 527 97 118 559 61 737 975 990 233 328 330 107 538 597 969 930 274 683 391 625 906 997 160 925 606 401 324 793 544 697 926 676 708 873 691 848 368 760 752 911 701 498 491 252 173 852 874 289 923 101 812 63 949 460 826 461 706 582 40 280 874 63 394 921 170 791 742 277 803 199 693 992 333 0 977 442 954 30 519 937 279 751 171 384 161 408 717 448 281
825 672 41 215 379 249 490 437 473 459 933 800 172 4 58 548 590 171 523 136 832 545 277 101 430 87 644 333 850 878 264 954 512 746 560 248 224 254 5 19 874 687 822 866 765 908 339 848 618 900 288 1 442 655 603 814 981 452 974 219 828 210 420 225 459 918 179 497 584 636 340 17 369 482 247 495 442 741 807 158 212 658 203 407 592 273 830 331 971 458 205 340 590 900 277 407 816 42 168 737
21 457 725 949 455 958 624 137 33 868 96 128 205 519 170 470 565 527 614 946 478 180 549 162 686 145 44 821 206 267 573 693 124 140 281 563 260 696 885 331 310 36 52 749 128 544 856 677 753 800 676 801 510 410 795 543 64 822 340 496 458 244 912 138 594 937 848 393 437 131 233 171 679 824 908 442 574 66 84 239 792 553 868 52 975 690 744 510 552 449 134 912 495 205 414 912 336 405 243 687
841 217 92 499 238 628 348 981 97 269 843 792 269 846 92 362 319 737 533 402 152 184 154 730 22 138 407 485 910 963 375 716 893 61 949 82 399 276 968 866 341 839 22 587 491 895 838 897 910 746 592 304 290 724 148 57 852 59 700 64 59 815 227 366 232 682 768 960 922 207 286 803 950 406 943 264 275 197 594 86 388 228 331 657 571 491 9 408 993 721 744 438 579 75 168 136 661 63 938 123
203 9 75 69 961 184 48 52 327 867 429 859 603 169 39 562 488 543 952 906 488 335 273 501 660 820 865 716 333 914 441 565 547 641 425 475 241 174 639 306 46 568 381 814 381 977 31 744 200 726 166 841 563 574 129 54 427 243 804 198 86 823 44 475 144 310 343 322 616 135 341 143 141 424 721 891 864 388 45 603 394 341 757 25 31 122 485 331 910 805 302 119 992 633 537 89 135 663 296 780
602 534 292 818 416 6 995 261 765 278 804 56 412 342 446 134 862 837 23 47 916 878 195 788 296 572 588 389 814 27 13 814 759 564 18 884 157 84 565 115 172 378 596 78 243 193 990 986 685 362 507 279 786 852 645 570 804 749 56 0 177 134 412 534 319 897 951 24 517 92 869 222 715 162 421 181 979 91 702 313 943 232 338 416 278 998 907 406 516 231 284 779 219 821 831 305 598 90 302 476
687 947 573 212 114 559 249 639 177 127 861 167 250 93 729 116 333 370 727 369 240 61 594 0 898 668 315 709 109 442 675 769 286 681 192 312 921 530 634 688 564 238 510 377 567 597 717 647 719 633 45 340 874 552 439 10 198 810 768 792 719 75 437 499 924 11 730 316 158 262 513 581 37 373 307 17 1 906 51 829 42 894 406 764 171 58 747 723 911 677 904 1 564 850 406 347 306 743 102 125
358 735 202 93 945 783 352 418 21 879 972 358 558 327 374 721 371 325 205 430 739 506 558 302 439 213 670 831 874 832 409 571 58 23 20 165 378 507 666 314 990 857 864 146 211 418 139 14 183 821 502 991 486 463 66 789 226 681 538 700 495 650 603 602 23 201 237 298 402 415 206 251 353 511 420 789 112 770 200 553 495 227 95 21 698 788 733 915 116 783 171 773 248 429 816 530 777 501 114 85
130 562 873 811 586 861 284 476 239 669 265 509 565 585 285 680 738 394 864 101 843 926 120 864 649 88 101 283 307 245 922 674 80 499 178 891 77 664 568 587 987 559 403 914 871 606 705 663 332 546 109 766 344 167 316 542 23 486 249 776 71 753 718 988 266 804 619 446 646 36 635 143 172 823 325 974 760 461 189 812 182 47 378 762 402 386 264 74 865 254 468 409 921 926 721 199 3 327 874 599
688 663 527 391 467 793 334 630 603 775 329 937 642 693 559 388 433 375 666 639 805 467 823 764 939 160 392 460 564 641 944 151 667 296 878 876 261 936 231 848 138 668 301 749 373 667 943 261 100 539 977 368 532 352 174 323 726 859 843 470 183 405 874 248 194 949 232 100 92 284 39 988 613 525 718 587 710 400 722 255 275 515 819 540 549 945 420 366 339 572 163 251 690 644 498 810 968 409 192 827
491 637 667 26 463 627 291 798 975 804 228 926 638 644 958 727 335 768 436 428 325 550 852 295 887 880 716 697 505 37 453 817 775 892 447 591 100 857 160 745 863 962 692 340 853 562 145 409 60 9 984 340 729 729 407 912 560 476 518 749 121 972 964 143 403 233 781 128 973 319 158 64 804 935 452 315 497 362 793 214 928 176 607 186 401 459 738 216 603 656 332 455 375 311 978 340 111 12 581 904
417 626 260 560 740 362 905 120 686 462 124 422 900 342 453 951 481 95 695 292 688 446 351 410 146 242 578 175 913 30 474 470 636 365 728 845 90 416 660 909 102 427 123 634 663 862 319 761 535 812 625 500 185 486 361 150 95 612 692 587 272 234 947 487 917 810 409 824 392 595 641 379 40 470 361 151 487 120 270 168 113 149 169 635 512 739 152 435 813 204 209 734 196 112 797 156 87 107 387 313
795 225 38 443 763 493 935 536 730 646 498 975 770 502 720 411 751 275 35 753 776 275 497 29 498 687 264 313 945 583 6 40 768 395 192 183 883 811 830 799 814 460 725 196 730 385 199 344 997 625 269 782 59 878 485 681 484 865 518 893 586 601 728 57 745 156 935 22 687 356 49 285 927 52 700 719 614 137 688 560 923 150 8 856 665 695 359 631 991 346 0 945 195 217 765 743 738 268 802 278
594 686 794 722 405 822 837 371 768 889 427 79 727 388 605 830 85 328 572 526 948 156 578 500 258 164 600 985 486 566 933 344 552 173 938 622 928 581 328 157 268 733 891 590 358 736 737 287 89 240 886 258 847 885 557 162 298 865 219 717 645 952 788 361 65 917 586 699 822 995 383 647 648 379 79 995 335 621 717 737 822 428 898 516 22 823 196 335 87 988 218 121 96 541 2 950 605 369 257 321
980 125 861 729 349 834 845 71 256 780 928 652 695 355 780 795 72 179 130 588 825 363 638 965 22 44 692 247 189 83 507 276 486 83 431 158 729 483 675 86 463 893 412 669 52 514 566 688 952 787 218 546 492 216 566 516 965 63 876 512 897 358 800 921 671 878 674 857 898 118 688 407 934 107 884 493 180 806 388 38 789 651 500 70 968 78 327 173 515 884 591 868 478 725 925 463 985 218 959 785
450 240 400 151 174 779 925 704 482 493 386 26 586 29 98 758 527 873 466 700 601 910 732 300 872 552 699 452 4 14 358 285 284 899 202 501 840 63 86 267 750 924 467 821 567 627 12 567 494 435 271 550 969 792 288 430 633 999 161 47 790 678 215 139 277 91 376 617 768 118 684 429 964 915 555 165 16 936 76 809 593 485 445 868 605 935 42 698 195 544 888 298 95 399 304 237 177 484 800 774
100 85
862 447 213 527 526 950 902 440 167 49 716 915 455 127 168 76 988 502 167 429 475 673 37 848 245 973 611 986 805 737 394 397 338 352 244 369 642 588 504 147 169 478 214 34 3 546 112 722 495 612 226 469 971 918 602 663 325 629 293 586 13 601 341 579 91 99 754 194 640 995 242 979 134 968 598 798 632 107 955 889 955 800 108 442 215
361 636 272 885 706 507 715 598 73 471 854 652 446 104 633 787 998 157 493 965 96 27 247 869 252 146 263 734 647 50 642 333 816 192 269 3 432 255 985 398 401 521 924 281 9 29 14 674 435 707 932 629 367 598 854 259 942 389 530 500 784 78 261 464 651 899 847 6 864 756 57 9 490 121 482 921 404 376 870 152 315 998 12 657 247
507 193 464 956 638 260 613 156 363 190 777 638 46 803 714 147 213 692 326 373 699 838 738 671 226 137 902 394 86 931 782 215 103 344 53 27 135 705 538 570 351 286 527 879 52 855 303 873 948 437 808 212 282 299 955 299 279 918 982 22 240 841 350 53 638 218 430 517 975 310 608 978 643 464 471 391 911 241 589 674 497 980 420 95 739
364 772 44 252 543 930 733 958 165 625 989 152 849 34 629 647 114 70 713 250 62 233 247 648 200 436 348 353 121 578 142 327 194 538 811 185 506 91 596 256 430 442 748 667 51 57 758 650 806 311 265 931 940 523 858 183 288 876 723 636 123 95 188 69 701 507 309 861 950 594 24 150 144 563 139 303 288 929 335 223 409 882 716 206 419
596 805 672 23 174 675 957 650 933 991 275 948 34 50 684 918 626 989 907 867 375 569 241 266 974 879 190 887 114 52 576 103 475 926 953 76 805 824 572 898 157 335 799 695 501 911 838 837 585 162 245 995 282 890 148 964 428 887 590 480 839 518 815 832 557 461 342 903 467 841 256 709 520 683 532 196 293 672 638 143 672 848 231 116 701
24 556 856 956 115 629 670 153 387 327 913 953 45 430 338 242 915 961 448 405 952 496 406 678 540 851 188 22 655 615 364 890 369 261 316 690 473 54 18 594 121 832 830 828 386 60 709 597 112 656 234 34 952 124 79 341 749 411 871 364 609 25 256 990 687 371 174 967 336 26 77 412 241 414 468 815 857 989 251 190 593 855 320 189 547
417 318 185 978 762 604 907 197 21 68 105 276 72 532 234 560 780 620 193 993 524 477 165 154 571 596 765 422 70 82 558 393 367 672 627 910 618 123 46 775 631 694 188 740 707 439 663 705 631 517 320 429 807 687 307 869 935 451 654 502 624 125 495 787 376 637 111 607 74 193 712 571 222 169 314 9 763 87 345 447 797 36 655 716 247
857 780 937 789 934 901 861 575 993 902 566 356 286 770 979 328 32 245 152 338 624 195 287 451 177 148 955 842 792 502 514 881 548 125 68 82 294 500 705 550 651 524 113 577 803 202 792 500 120 819 665 226 26 639 686 316 788 348 767 844 608 201 611 819 946 867 993 579 456 530 22 99 569 236 833 14 597 316 912 203 770 699 757 166 552
618 994 345 205 37 688 699 218 350 1 827 990 242 678 583 489 580 606 608 141 991 485 427 803 529 195 723 477 242 46 764 336 535 584 851 98 781 484 717 702 965 384 826 272 345 835 966 123 465 222 866 639 974 669 426 982 126 945 9 519 201 719 607 804 269 388 140 175 143 908 909 363 624 539 513 761 832 734 923 122 578 43 746 751 358
401 840 655 331 746 616 340 845 667 900 244 917 926 588 810 508 571 894 397 294 145 627 417 95 133 378 242 666 758 486 120 460 538 136 746 42 403 922 873 652 456 801 959 992 955 786 133 516 339 232 746 418 611 668 631 904 338 895 930 467 708 150 42 793 943 395 488 199 624 330 944 438 515 167 800 364 474 158 275 263 873 364 141 155 951
4 424 474 365 174 703 991 339 811 825 397 28 944 690 781 965 159 39 706 94 611 321 119 458 558 348 208 233 420 772 658 531 104 636 727 685 349 775 377 420 525 151 346 970 786 89 495 680 977 817 933 24 946 585 324 206 371 676 566 5 867 243 626 25 391 503 143 927 24 872 226 418 882 338 990 81 21 765 611 269 838 52 29 571 72
908 378 254 558 180 980 934 490 981 541 699 984 989 628 120 220 74 688 850 64 183 286 973 977 271 697 777 467 142 198 512 142 709 889 253 331 247 819 731 689 370 325 95 467 403 264 284 13 553 146 627 264 244 698 313 211 952 78 447 628 391 624 661 548 291 871 108 219 865 3 841 939 965 318 724 945 550 984 219 592 293 354 684 699 889
504 618 178 888 805 720 968 951 346 912 479 279 456 831 441 570 804 132 809 441 806 615 716 617 754 798 810 188 709 860 273 432 40 382 38 978 381 462 911 391 429 657 550 472 978 550 245 204 697 483 734 703 462 933 485 589 379 290 56 869 983 119 412 934 109 543 456 327 382 65 686 726 986 320 269 181 132 43 916 88 843 595 371 465 935
562 451 469 695 163 533 385 329 144 300 574 292 503 5 595 376 937 880 747 219 442 423 922 779 582 371 696 166 107 159 2 931 38 247 561 368 176 352 950 479 867 191 341 877 309 556 821 128 940 563 142 488 768 12 368 47 916 51 226 594 854 825 202 315 470 876 309 907 75 976 123 114 456 86 770 415 726 125 995 415 96 642 734 135 490
975 259 11 842 139 606 378 198 554 879 749 444 296 492 199 672 636 292 359 705 755 498 947 316 683 941 952 922 65 163 474 857 819 400 1 423 652 719 781 479 553 239 54 557 337 647 878 420 97 624 588 237 865 54 627 339 451 408 759 949 694 114 814 521 449 929 504 756 918 54 226 1 441 361 677 408 948 223 720 756 841 515 456 424 505
832 70 987 85 602 35 640 508 568 146 322 284 411 248 853 696 664 437 532 549 67 576 78 798 798 310 611 241 963 463 373 448 425 608 538 191 233 479 159 197 537 802 292 607 862 496 418 711 234 181 258 661 604 682 511 826 336 678 988 92 159 836 35 229 722 653 13 122 605 952 289 902 258 618 173 762 554 577 626 803 177 507 229 765 856
869 524 618 376 172 937 10 317 750 817 796 880 321 666 609 193 141 366 393 795 221 984 40 801 544 4 753 531 524 379 820 586 196 370 632 839 96 188 659 671 629 613 451 837 231 525 217 753 928 636 931 163 814 190 268 520 537 840 778 85 680 119 211 950 734 664 854 773 743 285 417 557 127 309 245 798 60 629 741 238 614 722 166 257 313
477 457 440 369 362 41 742 243 589 267 188 856 468 922 897 805 339 180 780 832 652 775 526 297 464 364 306 285 765 355 355 911 699 96 134 282 234 536 678 138 287 256 128 590 597 337 977 740 601 324 544 833 476 295 234 542 101 338 98 980 284 317 499 598 843 974 173 423 688 749 750 259 254 357 445 704 306 207 305 969 385 922 667 628 593
706 447 77 351 623 893 835 805 363 78 474 533 508 491 653 99 368 614 144 985 659 610 956 939 591 456 381 403 36 240 565 40 881 969 250 719 50 536 681 623 836 893 4 310 191 178 210 923 389 572 826 728 132 789 696 311 692 807 756 601 793 663 322 189 491 442 613 102 60 789 640 168 381 289 467 522 159 172 291 981 279 367 382 539 158
130 157 441 364 458 406 205 908 287 141 273 516 589 267 961 296 119 985 426 197 219 766 42 64 260 406 945 32 200 569 676 199 836 936 65 380 451 283 857 304 989 903 730 461 579 289 428 349 235 597 657 470 943 930 381 959 624 970 846 845 270 156 5 263 290 530 194 47 414 480 590 691 876 606 835 327 525 237 717 859 569 921 603 149 41
657 586 33 535 135 454 259 641 217 655 256 612 733 845 727 531 419 666 690 223 989 668 982 372 446 327 648 274 283 104 377 9 779 476 11 10 979 54 26 784 641 161 393 970 435 925 682 660 312 261 623 429 818 522 489 836 541 132 974 847 524 698 161 650 507 186 555 423 273 451 159 563 716 588 491 920 846 621 867 193 479 922 588 365 464
962 170 829 104 139 479 655 168 868 516 47 245 349 598 466 747 708 828 936 588 874 31 25 424 294 868 20 706 493 13 829 251 626 345 171 683 692 55 777 811 441 327 208 917 714 878 738 502 586 651 457 192 443 146 872 738 592 77 293 528 43 652 502 560 756 519 531 535 810 644 295 794 705 497 235 592 615 512 834 780 147 413 719 841 636
528 104 91 966 987 873 40 565 945 256 877 220 2 386 299 10 867 842 128 947 760 230 811 74 628 330 466 944 605 130 966 138 171 755 437 192 711 287 331 613 818 889 138 107 671 446 471 179 32 701 819 712 956 137 552 920 30 931 502 36 194 248 660 162 19 161 452 562 144 933 481 178 533 924 708 945 902 601 251 907 142 270 269 432 932
165 907 811 220 110 125 86 308 797 511 8 619 251 665 174 428 881 730 433 980 996 983 267 552 358 917 222 672 45 209 1 31 861 799 138 206 304 158 12 37 767 762 675 449 246 894 551 231 840 436 355 966 575 860 40 356 473 108 900 768 583 771 631 791 13 260 541 282 252 130 152 257 179 214 148 893 766 613 77 957 583 374 954 79 680
482 407 769 886 195 685 26 916 450 822 470 644 701 675 316 545 690 949 437 23 815 684 455 15 93 902 599 256 621 852 774 284 235 431 374 907 511 153 31 28 552 453 3 744 352 572 305 993 970 96 943 133 662 836 961 996 393 320 948 773 470 218 114 674 820 792 953 264 921 512 507 768 720 969 551 995 342 794 244 752 40 740 108 635 364
651 359 515 940 637 203 386 571 19 589 697 369 978 508 308 2 459 781 428 561 415 603 514 568 19 293 662 757 830 606 656 74 290 860 780 0 53 111 714 43 443 684 711 385 260 77 888 350 975 215 622 673 148 618 482 182 22 742 105 740 879 419 677 78 331 257 146 165 520 649 841 943 347 418 975 944 905 413 961 804 154 813 257 285 601
789 800 834 252 735 211 671 355 342 329 651 634 840 898 868 720 62 197 7 819 644 866 371 636 345 440 766 502 694 391 8 440 392 842 577 599 762 623 82 934 600 377 60 524 782 291 2 565 707 817 200 695 74 514 850 742 444 669 987 963 492 575 104 972 252 424 570 795 540 760 883 264 512 822 309 790 392 402 114 300 830 854 47 965 338
485 201 825 406 772 89 137 860 225 796 422 695 420 624 103 164 30 488 766 487 112 85 103 198 592 357 268 487 32 19 502 582 939 546 728 597 304 966 976 89 563 263 569 430 800 565 982 567 96 911 553 709 471 575 322 459 745 590 445 549 757 790 381 183 87 475 214 168 555 107 627 775 275 285 539 450 215 580 183 616 913 908 409 188 723
801 801 869 648 307 419 918 146 515 204 916 732 902 369 228 890 737 35 715 693 206 913 946 315 46 913 816 754 831 236 737 182 812 500 502 650 898 381 181 142 950 64 529 391 108 327 54 992 385 646 739 855 925 318 486 274 697 521 259 133 198 581 76 157 575 892 242 555 918 70 566 875 121 718 696 579 863 862 377 286 798 28 168 290 858
536 352 571 21 585 812 249 276 147 855 554 231 126 370 521 666 526 357 247 451 193 245 55 698 127 449 785 291 535 777 369 429 327 527 228 307 248 66 805 865 181 628 529 486 782 218 669 67 241 370 74 664 935 930 422 543 862 772 202 360 612 127 406 872 497 552 970 867 597 257 528 530 461 776 193 899 1 112 283 987 584 358 284 694 22
191 504 588 255 845 601 222 166 966 489 364 829 484 279 371 415 311 592 511 309 515 186 215 469 567 594 123 68 538 578 850 486 847 959 771 779 325 117 112 900 182 211 641 472 301 897 817 305 62 679 864 445 214 15 582 416 27 624 874 351 417 780 601 614 906 655 828 574 539 993 873 117 926 602 228 742 124 495 326 248 891 911 155 763 290
572 66 237 348 519 410 405 807 31 307 924 861 952 976 716 713 454 945 264 264 696 183 685 850 243 120 148 892 56 353 590 706 412 843 259 316 877 237 889 127 857 888 588 35 270 699 654 646 11 29 663 622 409 529 53 194 485 867 833 869 701 71 811 519 756 473 882 725 187 108 429 712 331 701 24 737 111 910 909 661 403 574 977 268 242
84 903 9 845 706 323 549 747 204 840 324 40 570 501 224 236 435 296 559 51 850 885 369 782 94 515 125 6 772 785 35 564 391 373 780 110 345 789 199 161 975 539 319 398 671 564 202 776 773 3 543 560 885 881 574 335 399 738 511 74 298 808 347 387 203 214 838 102 162 326 986 488 295 426 125 578 497 798 526 405 326 270 306 706 476
591 788 514 267 158 885 88 306 279 35 141 524 506 348 819 699 557 264 741 388 857 415 635 622 277 906 475 356 489 755 775 570 865 279 576 527 120 826 673 515 554 508 271 446 333 905 229 471 443 881 628 443 911 562 627 920 443 227 733 749 694 128 938 439 252 55 877 53 757 647 498 646 380 672 67 921 31 496 462 683 358 806 115 99 45
364 124 614 429 194 773 742 372 757 998 873 31 197 213 472 287 82 102 776 839 392 516 698 260 176 939 16 287 927 874 85 923 777 115 954 204 470 331 502 373 698 945 329 976 618 578 901 518 528 217 950 188 647 135 757 141 619 520 676 457 444 508 529 321 508 884 671 193 55 683 774 318 845 849 149 287 174 339 407 270 281 200 494 795 810
434 7 271 326 501 662 175 860 49 147 939 368 898 513 619 12 808 229 111 470 481 649 835 587 573 653 604 86 173 972 3 252 813 286 842 340 641 940 863 757 399 551 454 377 525 930 298 220 842 730 104 99 451 646 55 155 767 363 374 177 745 741 119 783 434 82 716 104 314 122 180 226 76 383 529 55 100 577 857 428 768 507 28 819 330
496 112 605 88 150 757 642 0 748 610 28 632 192 723 745 577 94 303 72 955 401 868 935 972 817 19 765 473 532 743 137 518 249 677 77 326 288 306 138 691 440 56 959 281 503 975 366 461 591 622 323 558 893 214 979 658 158 241 128 559 388 820 249 59 998 105 468 637 808 761 519 706 20 825 606 278 497 600 542 846 238 336 361 377 55
791 737 327 339 595 631 985 198 27 29 76 343 242 796 256 380 439 390 258 408 233 888 739 793 374 512 575 987 209 386 19 96 62 887 154 111 435 609 134 827 82 853 667 896 637 40 390 216 657 873 752 241 109 691 850 583 993 379 946 136 513 198 945 364 152 968 845 221 166 706 602 647 343 766 768 411 437 695 985 145 89 660 122 842 68
427 340 91 135 626 912 325 640 501 513 258 505 167 461 973 191 834 173 895 562 396 124 203 977 591 30 196 574 593 202 800 993 454 803 543 203 751 873 506 44 610 454 243 738 930 665 183 706 317 370 385 421 691 552 514 687 414 753 649 319 954 574 261 967 883 77 553 980 305 927 244 33 577 806 82 396 706 509 823 662 321 481 863 136 362
714 505 517 567 310 495 741 592 807 424 624 540 432 833 760 727 342 911 142 6 898 593 484 766 619 805 189 955 406 158 942 150 696 423 771 704 483 32 972 157 287 315 838 134 376 408 796 257 56 479 607 324 340 805 473 244 413 170 555 173 622 804 967 673 27 388 752 514 640 534 504 325 971 293 431 36 162 437 590 544 29 941 854 170 991
156 222 113 882 443 594 46 174 541 472 289 31 746 916 944 11 340 618 633 416 742 828 328 375 114 188 256 266 718 878 808 629 81 854 833 814 713 884 80 458 66 624 496 312 914 416 346 18 163 851 714 62 182 341 351 49 201 734 815 756 233 234 447 483 589 778 581 511 848 831 917 869 962 871 621 534 624 87 942 870 110 417 68 998 679
828 250 77 67 206 886 580 332 225 722 310 327 229 100 653 713 272 606 812 518 851 858 979 10 904 858 28 4 385 684 426 770 514 91 246 827 412 809 26 927 89 661 906 980 998 334 203 295 992 422 813 459 638 297 51 96 896 381 214 861 440 635 951 254 875 736 751 366 628 270 240 570 882 951 319 2 914 300 422 498 611 105 896 288 47
953 186 431 277 177 420 648 43 778 355 20 578 995 113 920 491 37 372 152 852 999 424 928 22 338 441 676 200 243 766 527 227 208 906 947 127 432 395 634 725 937 49 181 924 11 277 71 905 17 60 45 710 303 462 831 399 13 132 629 437 393 536 949 695 721 486 695 652 855 634 739 871 829 859 534 36 558 870 755 961 991 679 56 331 649
162 729 37 257 859 62 878 706 278 908 646 303 301 445 397 402 326 459 906 799 496 741 755 85 714 681 499 34 682 713 165 240 163 945 403 102 6 71 293 437 706 114 728 830 35 142 879 256 662 168 969 921 413 548 317 951 221 466 753 325 154 6 676 231 607 69 247 608 590 911 572 662 10 22 817 380 431 209 392 517 229 812 789 84 972
959 471 445 288 480 926 494 49 212 38 998 315 540 770 950 888 703 951 397 979 707 468 916 702 559 907 437 144 633 813 154 65 595 535 14 785 687 263 850 726 145 137 130 179 669 8 508 609 658 547 813 827 799 990 732 876 54 183 35 182 179 167 359 702 575 973 800 455 675 920 719 824 214 738 733 465 809 736 294 640 235 306 167 928 504
956 656 245 667 6 409 230 575 858 747 804 766 314 161 662 524 422 724 698 70 307 664 139 893 591 672 195 699 243 677 376 527 417 757 848 98 536 292 550 638 472 810 959 165 979 995 842 483 425 933 521 404 367 993 905 585 930 916 49 455 484 803 164 838 152 966 471 151 194 124 497 253 983 826 82 23 540 770 931 281 951 999 796 432 499
188 172 990 457 315 525 798 793 215 172 280 135 390 934 425 448 492 593 841 503 627 102 698 342 473 160 901 950 920 909 691 526 989 388 281 770 163 138 300 34 64 625 308 996 459 24 289 595 657 537 427 124 915 649 12 959 672 748 212 284 639 481 296 780 9 777 391 425 596 921 939 113 604 749 884 529 926 838 477 484 391 141 831 22 674
752 408 888 299 466 648 392 131 221 306 307 885 527 506 509 802 58 216 921 7 443 598 778 434 779 528 470 132 200 175 781 942 172 795 748 282 483 426 485 776 868 765 740 815 760 241 352 348 23 0 364 13 147 612 465 609 550 165 240 778 303 735 647 869 155 930 908 507 814 676 456 30 63 351 671 645 673 88 397 193 701 226 98 422 33
882 135 480 278 110 544 590 377 484 859 227 20 311 502 300 662 517 214 514 808 43 996 398 550 183 677 865 675 112 187 390 377 459 861 897 729 341 124 906 379 619 268 726 484 293 93 351 348 312 518 763 666 237 999 589 552 132 196 875 877 410 288 719 904 432 269 421 143 315 510 460 694 217 652 110 423 589 941 170 839 240 787 758 102 898
861 154 349 863 259 348 958 585 874 195 619 519 59 382 302 101 292 382 232 666 485 153 330 57 546 612 368 442 527 154 153 597 409 779 294 848 591 402 237 322 704 232 258 643 668 272 250 118 541 782 944 129 717 878 568 735 417 169 665 529 293 305 826 800 594 602 416 696 237 532 734 493 745 977 192 538 395 187 242 349 64 377 244 551 657
531 914 105 799 341 634 267 854 208 730 616 511 142 327 341 540 590 396 487 381 100 377 396 641 846 102 972 755 76 716 492 205 468 385 720 186 268 513 463 634 181 502 210 276 113 14 160 728 343 383 16 395 491 699 932 932 794 810 890 681 377 110 262 868 809 989 554 965 211 667 721 625 636 744 802 230 33 323 175 114 651 963 652 350 591
512 75 152 703 284 116 733 60 115 751 87 823 431 836 233 189 42 895 845 240 670 82 826 811 831 531 916 943 935 346 670 90 915 467 787 302 119 825 91 866 622 866 276 352 724 571 811 411 798 80 397 192 365 774 476 776 339 107 154 828 375 84 980 844 161 969 741 852 827 27 982 188 6 654 75 758 328 605 173 10 537 553 805 972 145
805 692 744 687 936 224 171 971 729 682 204 848 943 482 206 242 232 228 623 721 145 209 951 3 128 433 250 87 741 656 995 736 350 487 903 960 475 279 697 54 148 67 541 932 17 764 849 717 248 341 65 974 831 520 743 346 959 674 439 69 983 728 179 416 220 701 781 733 287 695 268 108 375 246 18 689 631 741 813 406 226 582 391 484 760
847 444 737 359 175 947 278 916 488 397 970 243 364 989 723 408 36 425 809 76 901 408 607 276 681 803 66 194 915 816 222 817 332 728 879 15 127 458 243 476 505 873 310 440 119 250 326 908 514 69 813 343 143 451 268 401 65 221 847 130 336 534 743 569 916 827 847 584 267 428 511 489 983 527 977 172 696 898 867 596 658 79 162 82 410
570 562 345 98 171 52 294 308 34 891 949 421 973 24 940 893 830 643 680 825 270 28 254 282 668 931 271 510 692 237 412 755 711 661 0 281 512 867 828 207 406 961 403 827 933 378 36 147 871 713 152 626 306 919 167 842 813 464 616 321 903 306 150 111 44 888 233 808 52 92 712 827 370 737 774 180 755 474 447 812 662 271 871 678 150
88 355 933 725 667 199 452 156 538 362 586 649 386 143 223 406 771 317 744 145 285 13 752 126 890 194 936 872 69 439 817 15 942 663 893 141 657 67 433 459 156 783 564 166 75 926 843 471 196 184 518 415 891 767 582 865 215 525 116 694 444 373 525 730 110 828 239 40 192 611 729 327 136 659 794 954 13 591 383 589 57 352 556 60 548
480 388 447 235 636 355 371 252 804 99 732 630 702 569 426 942 723 823 602 560 207 502 293 373 2 767 477 804 819 871 806 998 498 832 526 286 703 292 768 209 787 833 482 755 862 469 596 602 219 14 934 968 699 287 729 173 971 919 808 599 913 801 832 458 62 188 767 816 4 321 538 736 43 426 636 911 712 562 318 735 408 759 216 328 939
576 34 160 444 501 406 901 291 760 672 740 44 155 61 86 724 786 850 177 349 115 523 787 199 973 939 652 648 971 354 508 706 770 275 757 542 498 793 530 939 585 795 469 420 355 449 659 323 227 949 676 494 28 839 243 494 947 473 394 526 496 688 936 764 147 443 898 971 557 773 760 64 987 193 819 457 63 298 667 142 570 755 13 692 235
433 381 446 944 629 955 738 95 819 231 941 816 606 736 786 673 44 121 69 758 794 756 246 834 261 719 673 70 949 228 883 319 451 64 783 847 110 813 851 814 528 591 700 888 313 399 206 833 462 733 875 926 475 187 480 581 616 423 111 316 354 375 907 937 7 205 895 926 335 213 935 226 717 785 486 797 25 354 199 675 399 341 920 569 848
965 341 770 361 434 270 967 805 745 965 453 553 901 593 819 456 633 769 179 327 526 40 23 479 512 548 804 438 125 129 561 896 137 122 928 461 260 201 393 491 595 139 260 606 541 476 420 876 496 760 641 658 273 295 638 56 968 896 978 413 933 10 95 827 326 514 86 84 56 467 632 488 492 59 682 803 704 521 919 554 995 252 945 605 318
506 952 120 834 641 540 658 362 429 330 794 530 330 923 179 865 991 597 528 234 930 758 553 51 401 144 309 29 65 41 95 406 180 913 103 121 676 985 261 946 35 807 93 398 494 560 730 355 482 641 580 650 735 412 574 232 51 451 65 964 981 984 74 217 768 529 267 285 649 73 170 283 71 25 530 940 88 322 587 660 294 457 372 855 405
213 775 331 464 758 729 320 965 482 692 746 941 280 396 514 511 238 575 683 638 425 884 527 19 673 470 956 439 446 23 754 131 104 761 447 762 656 384 595 748 116 712 221 436 471 298 454 604 432 15 198 163 266 246 634 70 729 858 928 412 925 109 109 876 702 225 527 957 73 439 678 992 641 525 951 541 17 670 858 33 486 375 573 506 258
517 21 43 432 645 191 437 121 113 807 337 21 254 714 437 733 605 801 255 616 194 656 75 135 927 858 472 34 769 891 138 622 109 740 689 832 434 429 682 774 382 33 27 381 976 465 140 278 550 57 821 745 684 338 439 629 779 54 888 919 468 195 727 71 684 711 112 311 263 98 329 168 522 871 587 303 334 175 614 778 900 196 283 468 50
1 541 765 492 719 950 0 386 834 996 734 321 191 742 973 47 426 477 186 591 818 893 22 227 392 40 685 73 687 922 873 41 731 722 193 558 843 289 588 744 575 402 573 241 342 895 55 662 209 1 533 398 63 753 883 396 497 938 819 821 945 327 480 568 476 559 206 146 471 381 735 721 600 188 683 747 165 906 742 721 874 248 735 720 458
476 55 726 221 359 294 953 214 895 999 113 999 793 701 554 118 911 510 730 192 855 894 898 975 359 784 969 324 920 997 591 881 256 742 275 364 590 454 736 289 803 260 820 985 823 996 393 314 959 527 435 198 336 187 897 282 440 923 968 402 139 102 593 805 358 55 963 326 979 690 815 65 583 485 710 582 825 756 20 914 888 8 681 662 517
669 707 266 550 162 999 428 685 410 168 836 510 850 106 311 359 92 272 769 797 917 493 676 962 858 426 943 829 137 444 464 486 556 643 120 780 541 541 120 318 490 115 366 606 409 597 973 288 6 856 937 498 100 996 295 705 90 480 386 780 873 613 412 504 888 135 189 317 288 794 881 899 613 551 69 33 483 953 296 173 847 11 6 643 392
21 158 146 415 863 845 972 696 746 912 56 406 294 476 994 300 339 199 119 725 266 735 647 449 372 558 56 372 545 837 106 733 638 339 919 978 730 417 865 353 566 230 766 519 432 579 765 971 422 249 192 84 548 767 192 987 633 759 75 55 721 933 837 594 928 510 995 830 586 134 317 360 383 794 977 364 742 868 308 639 511 313 663 476 748
655 73 177 66 38 446 209 493 191 804 643 217 814 359 139 207 826 495 575 196 494 817 219 50 422 654 991 14 244 719 832 91 307 247 156 272 593 983 356 759 217 507 719 931 218 751 835 895 459 315 615 274 546 442 909 251 848 295 500 279 847 43 225 637 920 620 421 292 134 177 687 267 612 449 436 302 181 932 814 599 23 688 746 707 148
182 586 156 35 663 641 609 735 970 490 472 833 76 934 675 929 791 168 787 741 927 37 673 82 496 287 709 142 403 229 267 642 301 928 107 141 83 650 412 912 752 554 133 247 151 46 173 254 812 983 533 275 279 275 703 750 43 902 445 556 363 72 298 661 473 345 202 479 329 246 35 921 928 122 419 632 759 824 405 453 547 38 315 130 898
199 596 488 807 952 34 993 126 454 598 944 283 474 740 974 362 421 167 362 824 210 638 263 566 843 645 134 234 840 682 786 217 865 589 550 976 300 859 89 407 56 552 2 943 170 923 71 424 822 325 361 22 342 335 690 922 683 487 579 748 246 769 187 911 459 744 610 248 981 655 81 260 991 428 562 127 592 655 387 800 39 637 805 851 687
158 557 272 179 494 287 910 745 649 818 695 855 977 375 477 750 655 483 380 79 67 620 284 226 542 45 77 607 18 950 245 477 704 463 742 521 598 540 609 795 216 408 26 432 586 476 739 51 6 253 31 55 673 284 551 661 858 381 748 347 637 838 787 520 614 947 745 950 50 7 976 36 377 801 673 684 938 5 349 698 559 836 902 764 785
804 797 53 407 413 925 501 73 422 49 232 745 791 484 144 460 986 76 25 13 441 822 295 735 171 965 268 316 406 190 605 861 351 467 140 696 189 899 898 503 483 523 426 512 621 415 469 807 719 845 258 208 306 556 717 537 492 147 118 723 439 686 137 154 217 489 96 293 537 476 472 358 659 795 245 691 545 520 890 7 313 736 547 587 280
366 385 41 784 858 653 190 986 48 493 742 988 299 285 351 134 172 914 74 555 499 64 877 718 305 213 487 822 892 492 114 403 210 630 913 257 212 328 898 400 602 462 186 97 490 490 504 876 266 721 116 839 272 196 158 366 494 170 964 403 503 641 510 816 703 16 480 360 842 58 452 308 291 433 508 992 830 240 714 469 302 542 709 91 445
425 137 93 905 279 983 633 940 181 405 874 242 888 444 771 154 268 726 484 30 70 474 667 438 742 652 720 958 332 709 19 430 717 511 841 845 970 374 573 86 668 483 272 194 224 672 673 915 707 878 164 372 499 822 409 324 463 596 819 235 738 193 872 454 799 532 15 685 95 753 676 589 252 656 599 283 417 799 935 480 13 518 272 313 829
43 822 610 166 624 527 759 811 213 517 889 179 327 595 961 848 417 882 593 57 708 177 837 94 726 128 447 440 584 170 87 747 311 448 615 452 52 1 389 808 528 742 978 812 331 401 979 78 266 718 623 812 122 984 163 772 903 146 907 438 983 410 898 723 261 54 743 330 857 383 878 897 476 773 807 240 452 471 529 549 267 439 472 249 740
752 290 198 867 726 246 298 194 992 952 265 219 147 479 780 583 622 217 47 501 919 158 178 536 162 933 219 222 350 153 412 685 754 417 208 172 366 322 664 635 170 390 666 935 481 760 848 913 616 857 699 935 515 745 3 704 918 35 959 184 990 803 13 22 469 568 35 906 58 204 845 967 285 894 123 9 218 101 603 400 52 540 175 204 91
228 5 772 807 378 179 573 387 583 594 124 310 631 967 193 956 529 925 443 376 871 59 130 194 939 872 616 347 775 158 232 231 183 511 18 850 41 616 698 82 23 170 125 185 592 929 295 904 301 172 739 929 41 685 225 17 381 372 441 719 736 470 124 809 371 337 433 740 943 531 87 392 296 575 204 8 734 895 712 95 162 324 108 489 357
817 842 13 965 476 781 825 872 295 612 262 10 682 213 222 799 447 421 373 500 975 306 746 634 674 234 554 819 856 678 912 216 775 607 266 835 438 535 811 870 998 25 351 182 66 273 883 767 746 137 317 363 7 349 566 685 724 880 94 34 336 604 66 815 679 56 664 690 96 525 717 552 481 13 704 278 839 100 114 972 273 587 226 548 375
240 14 572 55 570 512 30 689 743 956 445 644 721 98 476 579 328 740 89 945 818 937 891 216 725 499 901 470 441 191 615 87 454 422 209 823 873 115 389 345 626 855 572 558 488 696 767 159 523 568 194 82 579 968 601 350 377 395 845 861 269 806 509 32 936 822 827 67 90 126 60 33 593 827 739 435 929 780 556 515 528 955 256 128 446
304 988 160 338 985 290 647 176 316 579 218 70 790 233 780 681 485 367 667 435 174 887 166 39 750 619 781 257 467 908 368 389 480 712 700 327 189 743 83 301 359 756 29 846 539 936 971 913 246 884 758 466 661 849 408 355 333 669 463 654 754 507 236 233 230 679 119 132 460 584 923 55 558 789 195 586 71 221 83 872 273 725 168 603 354
947 385 827 379 41 57 886 552 421 545 796 148 509 866 115 662 285 477 560 444 340 309 31 185 864 408 965 78 403 497 140 48 382 583 610 659 59 609 12 746 605 125 911 787 250 740 155 480 834 640 930 433 638 200 140 131 840 414 101 640 196 997 744 608 860 2 367 808 826 455 828 958 926 82 816 189 315 608 164 386 594 163 937 108 532
825 779 29 121 700 614 452 198 708 115 722 429 316 303 104 357 378 579 395 67 446 906 110 431 514 178 194 553 89 423 133 735 800 331 144 731 885 197 180 681 416 608 620 640 744 932 663 823 913 816 945 787 458 238 323 161 488 811 24 391 853 168 587 853 442 185 144 670 799 186 466 786 961 741 686 398 462 268 229 578 651 699 905 867 502
385 366 591 997 887 852 274 155 970 932 488 158 453 868 615 170 251 907 592 733 363 641 464 148 452 38 290 869 253 159 522 230 101 574 709 541 88 205 30 759 457 289 561 758 363 558 185 334 865 148 801 705 729 648 853 466 179 568 98 416 448 622 558 276 879 920 746 109 37 111 498 734 70 187 560 276 963 177 2 839 300 153 165 346 657
618 457 218 140 964 108 673 557 489 583 727 141 141 908 257 202 790 872 385 790 665 383 749 352 861 781 295 115 842 136 751 975 357 603 726 852 360 966 208 899 643 890 126 410 294 774 454 634 182 857 27 77 173 446 800 821 741 545 188 846 537 614 629 710 652 841 435 113 586 319 750 897 731 107 559 914 88 937 18 991 769 800 424 430 788
62 691 690 502 367 903 283 744 811 620 616 188 506 728 271 387 988 123 808 293 461 78 574 70 792 447 91 580 342 132 723 643 982 159 472 287 934 161 645 574 409 183 166 957 251 165 74 492 165 247 765 258 437 984 418 821 622 425 41 199 558 529 661 408 606 836 766 292 494 997 699 619 434 280 185 568 928 383 771 53 129 185 850 569 894
866 542 253 461 587 119 582 698 589 264 554 923 925 148 47 462 717 308 840 739 930 317 703 53 229 810 281 57 445 625 37 594 108 30 849 851 215 487 289 506 934 674 256 472 236 84 340 47 409 779 863 946 616 356 624 130 112 429 73 592 886 976 910 871 768 382 573 821 302 752 840 740 180 349 707 6 865 194 327 752 53 765 86 305 891
959 330 538 766 819 145 177 248 727 329 832 769 680 838 887 701 98 857 578 253 936 292 603 771 438 304 5 51 850 673 299 709 292 703 598 588 805 54 599 36 613 863 342 583 216 882 250 259 47 247 582 28 193 158 678 638 366 837 730 693 850 789 189 981 653 934 173 299 383 430 717 239 835 905 431 292 839 817 919 339 955 186 872 434 544
924 59 231 107 789 721 422 343 16 194 913 352 333 58 403 612 801 814 883 440 600 173 104 181 359 616 790 262 9 337 897 944 538 690 151 167 806 350 139 409 681 571 789 432 348 575 199 127 402 106 750 582 536 81 99 985 564 144 945 857 374 456 915 588 297 471 666 956 461 480 912 305 145 915 94 408 809 159 925 108 875 986 114 681 686
414 474 330 993 18 627 490 80 775 490 476 627 410 565 915 640 224 82 109 691 971 485 384 303 793 932 113 678 393 497 408 552 31 139 663 813 680 34 307 772 751 196 870 180 457 50 82 473 884 936 422 252 257 512 780 386 243 32 248 329 866 572 688 542 57 408 654 124 448 745 298 980 6 794 122 558 812 447 591 892 677 577 584 828 9
719 29 2 294 701 228 458 314 646 539 937 841 314 846 125 376 93 177 811 669 309 745 606 329 218 192 656 923 361 627 34 734 247 644 18 854 220 316 677 945 768 167 609 121 284 646 735 11 985 989 513 579 44 496 265 374 164 840 194 870 115 80 969 166 625 986 761 204 113 613 779 168 909 404 875 405 414 725 922 227 274 91 363 903 527
379 666 483 902 292 941 624 371 241 23 318 847 312 578 688 517 301 378 851 843 421 796 48 998 748 62 860 246 956 884 215 502 553 292 214 56 168 851 391 199 283 94 657 357 436 955 222 893 574 807 316 967 97 519 748 526 942 411 731 866 378 683 23 144 315 433 532 577 409 275 198 952 959 235 429 80 17 457 234 593 723 11 384 807 113
308 688 524 857 137 738 730 666 359 978 458 74 50 335 344 732 346 886 652 410 873 89 418 293 141 455 553 147 303 358 213 157 855 141 37 838 74 887 271 905 40 243 960 927 886 227 402 364 102 306 811 457 733 684 384 154 885 66 262 949 667 66 460 357 948 735 238 969 959 332 435 787 606 594 770 899 121 48 803 602 437 308 439 507 152
826 790 682 913 899 902 850 969 322 454 134 609 233 4 853 454 603 111 205 772 184 82 944 414 511 665 825 712 956 662 766 134 385 27 455 615 511 781 649 230 27 550 805 376 289 488 798 39 782 680 783 499 562 519 987 713 266 91 969 686 482 639 604 741 206 493 404 197 759 248 356 623 13 72 61 90 269 963 955 697 257 662 553 335 428
680 56 518 604 236 629 92 185 850 705 805 617 12 13 276 540 947 545 515 679 695 514 773 9 815 670 211 317 58 796 670 930 69 628 514 833 392 278 265 597 511 286 689 706 936 181 651 186 394 199 296 808 815 614 595 139 527 637 459 133 382 722 925 733 196 648 538 467 51 159 805 849 673 395 157 425 658 647 887 513 210 450 192 557 989
744 161 943 836 111 453 300 867 270 617 431 239 660 886 418 194 122 834 439 745 248 81 557 900 907 756 211 417 163 741 536 944 24 817 466 643 826 553 878 665 845 379 230 81 553 750 599 562 681 26 261 811 687 940 410 955 244 272 486 736 772 834 329 672 948 202 46 796 276 141 928 635 712 666 509 721 788 469 13 574 705 959 425 642 187
986 370 325 389 1 405 958 726 775 87 556 712 995 520 862 654 935 239 316 614 709 420 484 70 419 761 457 598 340 643 665 104 492 253 323 582 920 503 982 659 794 416 577 558 379 239 891 650 142 470 860 97 170 147 717 641 571 494 811 734 653 496 251 296 261 344 911 106 996 672 926 112 609 410 234 32 451 455 303 863 113 679 623 406 209
807 492 573 386 508 335 188 994 548 431 90 62 936 389 596 753 874 454 786 15 616 108 823 698 147 449 901 796 910 527 477 949 248 545 520 108 679 400 611 86 375 532 556 779 428 0 19 963 667 474 232 165 737 905 411 126 201 483 523 673 150 772 411 697 791 280 750 792 323 722 979 151 905 904 646 365 766 129 311 708 612 780 221 317 573
59 629 394 578 779 501 411 229 598 924 737 164 333 143 214 913 88 661 916 676 371 35 36 331 463 883 470 898 674 144 159 498 873 189 389 397 38 77 671 683 801 210 237 760 897 478 116 645 887 16 660 516 10 650 591 115 407 858 13 589 840 749 28 858 386 398 238 631 441 430 781 581 256 811 544 994 325 193 687 282 505 182 24 250 215
46 935 890 362 28 173 954 938 462 34 451 288 619 330 848 168 106 80 282 401 182 696 731 40 365 741 527 37 189 759 245 145 195 159 925 474 493 465 961 170 958 652 816 26 521 278 806 162 370 334 382 763 322 583 170 405 426 821 756 901 97 441 480 222 593 386 7 169 503 541 540 568 399 784 61 548 790 140 233 494 557 26 293 522 978
13 844 257 728 396 236 23 600 805 55 978 806 345 742 887 173 2 227 380 539 702 737 994 36 171 963 328 556 508 949 538 81 196 923 295 334 146 254 188 269 785 741 491 794 141 822 960 915 508 371 947 626 278 330 521 710 692 544 388 284 248 681 562 680 972 565 951 830 679 137 558 489 743 879 504 891 909 115 147 332 124 54 817 779 522
