75 100
860 325 748 328 404 892 984 484 340 939 451 960 991 144 885 818 897 207 11 180 914 351 64 999 956 403 752 613 418 370 999 648 967 996 13 264 205 737 65 781 441 717 582 741 303 648 79 879 870 333 218 122 260 815 86 612 202 506 610 786 830 895 418 714 559 513 221 140 135 220 206 133 134 658 805 531 458 160 940 729 963 766 879 920 460 648 311 712 617 843 905 124 163 640 693 971 887 483 252 493
858 329 692 244 765 477 545 339 917 572 552 383 649 388 399 22 16 218 246 7 771 170 831 852 826 313 933 644 482 30 710 250 341 880 340 842 674 994 367 462 531 589 204 300 550 124 505 777 374 987 506 316 609 686 426 73 732 145 261 11 921 306 183 341 272 983 345 325 135 467 441 526 103 587 489 628 546 544 389 401 895 662 120 31 457 955 836 896 132 247 34 206 839 808 972 470 324 768 112 17
206 238 246 870 727 509 357 950 556 456 353 504 241 241 476 291 494 50 233 754 386 799 966 19 890 268 475 828 827 622 544 327 988 542 794 841 368 778 353 399 263 544 39 718 991 782 597 287 722 329 208 859 249 911 248 628 623 330 554 826 772 14 473 238 143 20 428 787 853 671 436 905 358 929 773 709 15 367 494 556 190 305 357 777 72 648 834 539 333 396 358 915 163 999 693 804 7 992 967 153
99 433 354 759 788 959 952 272 413 822 417 511 396 14 783 577 926 895 393 898 938 70 796 750 725 652 220 586 158 82 733 740 932 343 80 51 184 468 246 20 111 195 745 419 815 155 75 972 574 518 127 809 520 778 90 669 884 200 702 170 508 7 876 820 429 963 435 401 704 76 151 158 411 626 215 745 233 187 773 897 158 44 161 670 499 794 627 484 205 603 400 107 406 512 427 144 680 661 859 923
701 949 592 867 377 940 735 819 131 976 872 349 242 324 202 678 674 938 798 956 184 532 294 904 609 663 807 272 708 831 220 861 535 593 907 681 286 153 613 585 425 377 995 969 16 940 116 708 800 844 418 176 180 700 451 934 100 343 169 950 812 157 429 790 385 639 995 64 257 47 83 585 108 469 201 927 13 395 418 155 240 765 367 735 353 808 746 737 455 542 926 997 392 736 237 325 892 608 361 276
303 944 939 464 514 553 60 627 155 704 267 955 580 201 408 270 650 727 490 404 495 461 232 822 488 308 540 782 783 77 200 698 722 622 63 168 303 432 27 467 737 785 586 337 793 636 377 700 679 992 614 64 558 57 507 32 196 946 92 555 771 799 436 575 90 413 223 915 171 286 307 245 627 393 100 621 630 351 278 408 821 899 348 108 917 628 574 638 680 944 158 578 665 902 718 3 765 104 974 293
875 177 757 141 182 331 491 451 553 438 856 371 962 956 79 670 225 386 26 644 677 547 890 775 564 620 774 296 218 36 917 244 833 901 756 25 83 157 277 209 412 552 911 275 42 400 409 454 412 448 631 840 304 833 933 275 573 725 662 634 70 617 316 701 138 579 202 212 246 132 912 249 124 773 477 88 861 364 692 232 684 792 51 204 951 441 761 190 467 232 165 453 626 947 297 102 621 571 21 33
634 315 72 95 346 318 892 224 121 85 850 714 742 466 138 101 88 252 422 741 462 499 309 285 690 105 124 527 728 871 636 30 998 797 132 606 444 78 862 906 459 797 464 817 965 617 257 773 688 841 544 847 928 307 297 492 770 971 76 611 377 406 221 592 487 143 32 402 282 949 631 535 654 484 105 70 695 596 604 400 168 735 569 397 675 378 284 870 219 27 492 963 619 13 125 258 968 84 443 560
358 374 672 817 34 464 375 180 381 688 947 158 193 209 133 394 136 33 848 444 633 369 763 216 12 973 756 59 285 141 985 674 493 816 293 764 720 232 580 138 469 167 320 805 10 953 150 474 135 267 596 22 177 640 931 591 499 574 972 326 68 677 43 320 893 895 382 562 646 556 419 58 514 903 854 19 203 779 652 305 240 7 450 486 569 219 428 737 507 906 978 357 606 153 769 256 960 62 573 52
753 372 894 53 373 340 41 993 642 770 218 619 168 678 325 814 98 570 378 910 741 14 777 557 115 421 719 929 879 3 919 573 31 439 577 906 930 339 36 637 17 489 333 77 858 511 995 930 195 104 25 501 434 895 64 633 453 512 109 365 186 218 791 533 840 46 235 794 982 52 698 391 584 716 941 274 619 279 680 759 82 214 719 131 312 369 114 867 799 599 83 687 441 60 968 734 297 208 215 345
64 788 938 403 627 158 799 161 156 399 794 721 660 167 304 103 327 60 674 557 276 404 532 884 246 534 16 326 331 696 916 651 798 789 386 373 643 185 40 129 708 382 184 334 301 514 865 86 450 244 635 697 85 300 198 280 27 162 238 327 536 936 150 748 365 433 625 461 213 970 669 433 297 425 100 86 936 800 233 987 280 594 324 140 141 852 64 542 339 905 737 761 58 330 930 172 36 762 658 841
298 412 399 758 175 755 395 415 908 767 328 566 254 516 399 263 24 628 14 526 510 770 42 220 738 343 297 548 930 930 397 481 718 177 972 417 811 956 286 480 841 247 293 509 731 229 275 731 181 22 585 266 739 877 838 742 770 644 882 66 919 650 695 752 984 668 239 212 610 62 22 519 955 287 355 165 650 55 644 986 914 261 872 952 688 191 101 211 830 76 738 412 428 571 541 771 280 329 109 291
126 251 807 183 102 948 527 749 946 351 921 935 949 556 777 847 650 659 516 498 530 988 516 973 206 621 884 403 495 228 243 721 219 478 273 405 140 735 690 811 290 467 751 681 417 545 169 807 614 246 395 662 921 323 576 482 823 148 40 511 936 630 744 186 559 691 740 485 241 103 769 639 540 452 798 853 281 652 830 683 356 705 402 732 255 319 311 926 921 789 254 368 890 853 919 771 356 728 578 527
428 525 679 926 737 984 216 510 767 188 443 604 944 951 276 564 849 374 166 186 332 778 97 132 370 214 894 29 926 689 282 809 150 51 521 499 480 476 847 28 74 180 847 996 682 443 193 12 824 439 667 454 132 805 10 221 766 456 41 755 256 129 340 800 486 266 737 887 439 120 48 664 249 368 126 962 439 950 669 294 998 380 433 181 839 893 159 156 20 995 191 324 275 107 376 593 456 139 761 852
356 321 603 330 294 161 505 880 308 634 478 201 678 477 323 131 500 446 618 570 909 562 675 881 156 482 873 19 141 513 688 152 750 169 250 846 126 887 182 489 393 898 813 92 547 442 315 370 561 443 10 473 833 164 85 212 77 931 600 430 434 600 919 408 622 146 810 660 794 846 524 756 557 464 305 804 170 981 622 992 162 195 974 855 219 459 177 472 568 266 665 610 202 337 229 769 597 558 74 61
830 86 587 449 376 491 15 0 723 365 761 80 58 957 395 615 378 324 820 414 471 523 911 677 973 102 912 733 825 27 464 27 250 201 646 24 532 308 172 802 185 105 594 480 205 201 881 442 221 806 114 788 334 982 362 730 195 848 407 341 667 342 320 811 551 61 142 430 787 321 195 418 177 520 488 825 562 519 837 90 3 520 272 716 15 163 901 959 467 230 882 46 267 882 855 310 36 187 995 193
318 496 925 179 160 491 987 517 851 79 657 298 583 242 130 602 197 713 131 404 618 783 339 122 351 818 40 526 609 406 964 794 520 391 898 429 632 446 177 168 152 66 782 451 32 807 415 12 391 684 784 555 679 312 564 344 499 944 331 468 519 728 962 820 952 326 302 722 922 824 769 835 170 265 18 931 405 787 755 307 534 894 679 86 101 432 580 845 858 365 373 911 612 334 611 462 697 478 927 989
469 149 685 771 889 561 440 417 1 752 322 409 447 305 53 636 970 244 493 262 1 807 182 468 713 955 742 125 83 39 414 685 665 415 152 708 736 319 25 295 429 339 820 763 464 804 400 757 595 988 887 171 196 827 120 204 439 563 654 923 606 877 733 709 819 310 531 880 20 239 186 191 471 979 602 544 920 192 613 182 634 669 803 270 440 286 284 897 351 413 459 762 185 294 572 686 900 285 966 158
365 614 707 625 30 709 159 213 668 408 736 291 154 747 748 818 501 413 949 524 660 676 463 383 848 662 553 507 422 347 700 552 996 421 920 346 533 786 347 226 724 273 574 343 661 617 365 14 162 75 205 908 329 873 775 3 516 18 437 858 259 459 528 715 50 967 925 92 978 366 698 386 803 376 264 865 203 213 898 383 337 536 59 387 787 776 547 810 246 32 756 192 645 70 437 666 223 268 147 113
501 135 347 642 532 347 265 257 274 505 572 568 79 831 393 916 671 926 763 11 294 264 429 566 649 245 998 194 810 500 658 540 638 307 374 302 301 915 386 355 835 541 410 430 32 647 472 981 900 324 448 532 362 198 758 855 823 630 839 240 439 961 494 5 677 371 917 505 905 626 956 588 177 8 650 991 691 832 500 284 331 664 920 477 447 659 346 98 439 807 907 153 718 978 859 745 282 275 286 190
965 618 623 304 837 575 246 549 522 332 182 820 798 873 755 34 743 241 293 791 285 452 693 411 245 653 710 698 197 114 384 161 705 473 819 900 510 335 175 205 946 948 475 846 479 299 965 123 25 457 854 848 474 751 528 758 103 415 604 960 536 843 581 384 85 133 79 374 712 172 119 580 698 902 196 340 91 65 206 427 206 662 351 740 600 786 873 698 319 604 755 430 315 726 972 838 677 650 320 425
861 861 894 614 302 415 515 827 857 532 589 936 134 977 233 548 639 372 890 952 690 359 924 187 348 624 480 158 187 868 625 48 944 209 877 955 448 717 258 922 425 613 560 740 458 996 467 32 863 204 811 849 401 910 427 206 998 926 486 588 606 220 702 435 253 928 144 199 842 976 758 741 572 696 126 693 425 69 436 588 342 874 994 186 676 705 373 821 286 845 759 544 507 35 333 83 376 442 252 397
425 302 417 188 548 297 315 694 334 535 872 237 711 572 842 53 864 570 64 710 561 173 590 271 128 190 407 584 243 739 248 683 912 263 435 302 768 811 81 531 27 480 101 917 515 39 52 310 841 731 839 608 701 701 46 504 275 959 944 818 571 200 44 865 343 771 325 171 853 9 86 794 165 778 450 667 196 587 493 733 368 481 284 31 33 182 601 568 286 149 71 570 114 658 653 306 584 664 170 815
571 869 50 720 51 67 623 457 747 831 137 374 28 977 104 394 808 591 443 437 490 56 157 655 765 572 510 20 158 483 485 959 66 59 417 553 665 189 577 890 658 279 454 26 521 195 891 240 647 858 899 102 237 38 664 23 510 926 702 985 281 463 330 93 732 479 71 948 156 292 934 80 804 926 855 783 553 270 261 288 937 651 170 217 296 205 755 781 935 454 62 744 618 863 1 680 469 50 240 597
369 640 130 772 382 224 876 435 191 832 784 591 422 323 948 535 468 752 953 102 138 260 820 870 631 422 217 602 540 411 734 915 845 619 13 396 56 712 179 965 183 159 104 449 652 49 17 12 676 607 399 387 630 553 835 413 81 648 827 824 508 262 438 324 593 424 42 930 628 885 689 717 714 882 343 953 26 91 526 774 289 377 94 239 880 707 820 609 327 337 261 145 368 237 440 173 611 640 835 366
602 806 137 879 162 247 302 763 824 275 503 276 482 70 855 18 850 170 923 184 992 314 988 448 925 60 744 515 474 412 79 367 747 253 142 928 973 594 555 588 217 9 548 727 59 135 540 984 910 981 629 821 797 651 601 43 865 60 27 651 271 576 371 382 609 693 766 328 9 928 332 925 859 584 237 284 434 192 496 15 408 703 775 851 390 599 629 783 861 753 229 904 281 39 770 500 350 584 647 874
643 463 139 294 356 282 322 654 624 487 461 905 237 397 397 261 887 112 293 313 380 977 108 206 835 337 649 704 355 377 376 129 298 157 513 542 732 960 473 643 454 962 466 98 650 77 350 246 854 341 498 579 407 850 645 94 255 71 806 936 686 144 699 596 259 112 69 161 349 624 150 639 1 730 308 366 729 903 29 17 212 884 827 276 743 362 954 826 120 875 983 106 698 80 389 370 749 94 361 0
982 543 798 803 104 420 802 83 395 363 158 77 720 454 672 217 556 276 788 197 778 27 207 353 714 937 428 351 861 513 934 798 35 462 168 385 520 299 145 592 934 736 673 31 507 142 358 888 78 966 923 102 469 311 276 960 144 153 637 821 82 841 997 276 150 210 424 570 71 485 957 662 447 91 848 642 974 557 682 203 759 702 711 330 380 415 258 581 208 238 337 695 244 850 693 493 579 978 941 269
968 881 268 79 562 287 935 485 74 678 974 92 852 785 695 163 151 527 188 942 619 920 610 105 218 355 9 559 195 955 119 88 674 495 149 336 734 157 782 677 666 565 246 82 551 656 184 898 200 448 142 695 221 821 530 26 357 688 535 931 979 672 826 695 914 834 396 597 845 854 816 465 309 325 825 48 880 745 228 343 506 558 239 531 839 869 987 517 599 757 229 183 427 396 908 939 29 224 942 798
410 894 522 91 571 49 869 567 469 835 999 917 347 746 6 608 336 924 552 148 632 43 452 816 970 598 872 114 747 307 493 174 815 448 820 213 385 193 726 600 563 184 440 991 395 309 850 778 967 579 510 135 911 909 853 353 689 228 717 581 399 374 701 412 950 639 175 850 747 498 863 536 552 380 828 324 186 412 886 577 832 353 66 934 649 701 919 351 903 868 43 624 130 567 823 412 991 166 730 256
527 392 951 148 388 904 886 95 804 493 718 372 753 86 678 353 678 205 743 634 625 781 572 490 193 849 449 39 864 564 259 201 610 787 252 340 2 24 626 869 753 893 740 919 415 57 286 123 289 240 973 216 132 573 672 894 720 382 808 347 521 994 819 271 589 81 999 258 747 959 292 961 3 725 199 328 826 754 869 870 716 93 952 9 753 980 54 573 700 232 689 71 622 90 98 88 183 187 247 532
134 217 541 530 548 249 112 901 65 335 181 102 729 680 88 385 203 844 335 913 179 917 763 569 400 187 54 8 896 705 761 520 589 804 100 942 127 672 888 651 487 717 172 715 610 569 908 493 151 961 415 402 29 397 372 511 544 412 500 390 254 286 492 449 29 320 729 775 105 230 408 865 579 712 492 931 163 126 27 90 904 922 512 845 926 941 77 56 94 978 976 910 435 950 235 523 749 179 601 799
836 119 517 75 941 240 791 176 94 134 881 85 7 403 537 322 985 69 97 346 407 644 32 792 892 367 299 818 878 977 433 17 849 569 965 995 668 832 197 616 193 164 983 760 57 663 248 321 406 143 148 854 584 531 33 196 621 897 83 498 67 883 732 309 895 629 173 732 795 532 617 651 897 32 628 414 357 215 937 474 441 583 84 701 133 495 921 499 812 659 351 411 162 682 158 856 992 700 255 434
912 868 180 393 935 727 592 81 659 483 452 862 289 792 946 265 533 518 920 93 418 898 63 186 906 527 858 779 663 517 925 45 594 694 198 789 87 807 795 610 797 90 774 255 907 428 379 155 867 47 478 22 218 583 854 152 581 174 190 173 946 513 371 775 846 118 791 715 332 945 341 780 133 885 92 153 289 425 999 198 964 534 461 137 66 229 144 190 670 123 30 903 859 453 108 933 276 867 572 815
569 398 532 419 488 939 336 167 404 540 625 352 209 625 469 680 145 81 413 11 287 28 392 7 49 824 301 544 522 894 648 682 286 876 988 796 90 701 38 493 360 79 331 166 138 880 240 183 766 735 675 989 19 276 961 986 372 905 926 747 551 248 429 687 943 537 815 440 654 927 382 330 653 550 754 634 313 372 417 3 969 255 886 529 470 117 495 746 599 298 239 859 725 605 384 393 226 214 325 481
70 177 843 786 661 820 516 99 838 743 592 513 635 978 930 443 912 79 592 360 24 704 679 141 243 703 737 949 640 945 309 970 187 561 333 40 181 356 407 180 120 779 856 393 735 508 63 995 248 597 236 788 58 374 252 544 993 923 626 86 253 362 67 983 483 965 818 736 495 67 455 426 447 301 488 727 568 648 899 801 355 935 474 577 654 809 137 614 26 845 813 276 342 860 174 939 470 24 228 934
60 889 159 407 561 824 923 859 128 596 794 66 287 459 78 361 336 998 625 185 780 260 1 398 499 857 200 149 627 88 866 187 496 681 19 518 374 647 59 307 757 255 411 334 206 647 522 964 312 588 255 422 854 998 88 886 687 171 445 162 511 58 119 395 490 578 891 807 412 10 453 349 633 5 977 317 920 91 974 939 248 393 985 818 973 26 859 388 459 903 121 595 107 260 169 55 654 638 333 151
991 125 957 585 970 540 409 651 503 177 257 903 119 150 801 130 724 828 95 423 143 684 131 299 913 708 500 699 445 598 910 114 766 953 145 656 900 115 489 197 859 431 289 739 341 171 542 359 945 856 362 221 894 731 797 598 651 623 62 666 712 594 1 597 454 645 62 210 799 153 361 176 422 459 564 85 158 149 677 673 622 574 682 526 372 44 307 466 775 786 769 148 765 214 187 600 189 77 422 164
338 804 837 276 725 789 385 62 837 727 986 508 898 573 634 682 591 332 367 852 466 189 299 188 151 86 584 998 465 596 622 156 804 692 433 407 617 676 83 969 606 245 529 131 918 811 623 250 485 257 150 333 391 781 283 247 148 530 467 166 998 222 803 396 632 377 62 412 856 40 342 976 628 159 131 146 467 902 141 432 262 550 455 821 752 743 732 588 919 385 383 786 386 614 472 466 30 725 830 10
13 538 535 270 128 554 328 388 423 948 691 965 474 540 685 319 579 671 259 288 195 558 463 614 293 647 941 413 653 206 499 559 743 337 582 520 841 731 201 226 776 82 859 943 198 863 667 523 684 168 40 725 976 924 72 767 43 899 137 580 923 108 884 909 779 307 408 610 730 694 56 205 506 569 82 659 278 157 736 584 738 401 310 473 184 822 855 338 598 747 108 953 46 144 150 715 745 303 220 383
484 564 382 968 82 52 243 657 602 803 34 190 567 400 513 184 264 998 515 464 102 284 637 126 733 216 747 313 271 627 962 676 938 487 758 862 873 674 361 651 31 104 446 859 666 147 756 656 732 820 52 391 37 573 185 198 680 883 29 260 541 200 591 129 278 599 372 61 150 915 401 862 992 598 789 883 940 785 81 740 537 725 217 840 11 728 649 331 575 619 984 170 232 701 28 432 306 720 190 189
438 141 12 932 849 904 674 421 94 635 883 378 396 435 681 65 529 534 686 565 410 793 500 69 98 508 329 619 439 335 349 200 390 333 523 294 243 309 476 51 599 465 650 242 144 679 168 500 71 352 450 316 416 520 867 963 54 815 123 583 462 611 963 626 149 8 35 160 43 429 308 63 718 423 699 703 913 110 441 459 375 109 184 829 900 883 629 425 867 382 519 615 575 419 692 292 875 544 767 516
492 830 155 431 294 243 840 299 803 297 87 734 184 445 409 821 433 860 501 182 71 931 450 412 198 245 123 75 494 379 691 295 238 366 147 480 409 663 420 421 995 674 910 324 582 310 400 83 272 34 723 172 717 238 709 802 555 452 184 912 124 913 818 58 719 824 924 267 525 759 773 618 332 855 578 268 231 995 876 569 957 903 2 9 25 935 994 990 154 17 150 152 299 118 549 522 455 959 333 482
428 417 38 899 989 606 319 430 684 11 610 68 201 398 271 900 716 961 570 758 410 345 300 771 992 914 413 187 366 532 637 639 388 720 676 237 97 327 95 643 796 602 136 396 730 18 517 894 20 675 21 166 413 910 969 162 39 737 190 449 475 339 977 962 744 900 186 154 766 157 919 143 639 267 586 795 694 806 604 228 543 296 322 881 525 58 62 954 689 979 926 237 833 741 536 320 490 889 798 421
191 312 476 901 475 2 391 105 542 323 642 794 473 764 187 543 222 893 201 981 815 47 851 740 687 794 617 576 69 314 329 753 613 753 591 448 805 200 172 696 983 227 809 194 110 38 293 359 966 143 822 867 118 427 648 172 637 712 65 893 25 735 288 622 473 244 991 44 250 652 996 598 349 993 817 720 20 780 640 896 829 846 612 647 394 684 557 487 366 474 619 443 303 630 574 248 636 890 803 482
535 45 414 967 523 740 307 324 58 934 459 383 354 67 845 111 558 426 47 960 127 573 226 393 662 103 633 786 363 753 465 915 414 853 545 493 459 515 188 411 939 79 749 529 763 353 226 271 858 493 705 75 354 468 977 602 630 737 773 730 606 58 542 122 892 997 785 965 79 239 448 864 448 860 787 963 41 963 736 299 240 393 308 944 394 200 29 347 987 825 87 962 635 678 406 500 356 355 810 896
356 498 285 859 463 843 869 203 877 722 488 66 776 127 159 941 227 926 610 310 63 946 875 179 548 190 93 610 794 305 65 267 168 942 109 192 507 200 221 484 962 492 238 690 273 477 116 928 458 876 224 852 270 713 346 454 333 360 649 239 792 835 690 271 827 222 476 337 637 280 783 873 287 118 333 593 125 597 964 508 924 682 964 926 540 59 231 131 327 656 9 855 19 722 921 291 285 532 593 473
600 524 777 117 264 172 57 464 458 736 82 101 124 605 428 205 160 427 273 655 199 76 163 627 293 574 579 60 361 17 308 111 151 962 696 738 386 393 372 692 460 928 854 597 395 905 35 777 189 958 513 107 167 524 122 598 710 293 278 949 19 864 164 69 130 570 608 117 742 379 519 869 471 951 387 877 869 663 256 523 556 710 954 788 980 393 893 85 732 466 896 250 310 826 42 473 642 877 684 914
505 150 540 136 487 812 793 983 93 648 418 302 362 277 843 650 331 948 445 250 342 964 754 755 974 365 197 180 408 543 151 413 851 933 604 718 315 616 19 698 139 737 234 909 278 907 525 940 398 957 666 241 511 361 468 939 285 257 162 657 603 68 807 509 816 670 60 337 635 321 712 398 884 63 694 916 369 17 46 269 154 89 421 236 832 983 611 820 327 15 451 653 367 736 871 236 849 434 797 166
134 498 785 194 934 875 703 956 500 876 158 258 188 293 609 769 2 329 983 931 755 879 831 550 500 838 99 479 543 206 370 612 974 242 496 706 242 536 135 243 6 622 38 325 839 37 320 680 34 292 75 470 962 318 195 558 310 514 205 740 904 881 619 684 250 686 971 924 913 728 162 477 15 564 329 169 807 783 471 567 823 785 153 352 692 566 506 520 854 898 345 564 332 942 55 326 851 881 103 625
120 902 250 956 909 103 965 602 521 48 215 418 414 33 473 222 126 967 172 202 90 797 59 337 153 235 696 6 762 140 707 608 412 869 54 899 555 184 264 394 712 200 938 823 936 647 401 331 163 392 684 918 239 575 781 226 132 896 87 899 715 511 84 165 19 4 236 744 37 386 779 153 219 928 270 434 251 765 946 147 161 181 427 831 440 487 751 138 148 736 937 778 614 917 291 315 90 100 351 511
655 456 879 67 428 891 51 803 239 307 65 491 850 617 589 858 31 145 564 346 155 747 543 957 368 782 297 224 453 588 570 242 705 307 762 594 54 39 980 36 688 626 728 37 558 661 850 899 181 40 354 155 859 735 427 273 693 477 132 485 259 96 499 455 399 285 773 690 303 90 676 717 837 758 9 410 640 775 282 187 914 586 155 212 245 517 511 992 828 929 287 626 31 91 275 279 138 627 76 979
341 504 180 482 587 812 525 783 66 610 236 985 969 110 711 488 425 721 914 472 685 315 852 819 401 333 211 225 634 654 677 362 378 774 768 550 56 678 345 200 789 393 70 722 327 116 226 460 62 998 812 209 995 894 676 786 55 152 530 950 459 572 379 801 517 41 299 199 359 335 370 451 858 964 244 863 857 651 589 778 136 955 688 572 202 283 533 334 627 133 174 888 112 71 62 412 155 282 227 694
585 557 561 790 372 75 394 753 506 512 606 572 648 910 591 985 810 575 365 990 484 651 555 434 867 624 29 660 232 537 694 586 238 723 314 751 154 173 989 415 880 657 456 195 525 469 339 382 3 837 530 488 993 12 77 341 157 773 780 939 817 654 376 35 910 645 205 647 311 306 473 381 393 788 231 788 203 495 536 107 204 889 760 38 44 174 612 931 939 894 597 697 986 258 790 903 109 617 35 79
595 572 656 731 949 647 444 56 413 49 181 368 146 317 798 138 267 496 238 751 600 919 226 993 506 7 443 2 191 463 39 979 624 59 75 962 240 514 199 803 628 435 818 812 917 571 819 15 130 248 589 242 224 859 546 917 471 899 934 43 947 135 566 887 323 46 168 392 254 872 462 666 925 939 859 13 149 851 316 182 639 164 346 702 38 707 400 367 173 901 618 588 714 779 749 349 237 31 592 791
967 817 44 490 0 525 437 926 216 996 208 338 561 788 978 663 958 507 302 43 854 487 335 194 718 323 651 799 232 909 797 389 435 550 656 742 439 668 24 730 967 217 14 57 127 213 593 70 547 464 668 209 836 804 567 188 849 962 519 811 156 645 464 440 448 517 677 290 86 76 735 694 55 296 755 896 666 401 933 83 795 776 458 117 852 428 464 146 397 631 707 75 377 997 631 604 558 276 793 968
30 530 790 307 164 112 312 492 304 841 464 522 994 324 303 297 780 615 670 460 675 213 635 714 499 752 117 556 107 462 852 976 807 362 579 969 647 421 161 907 513 413 585 174 347 528 591 268 232 697 630 710 756 619 909 28 722 615 759 566 859 614 773 886 182 574 848 804 446 642 545 23 504 632 461 66 414 213 95 180 878 794 812 212 622 25 845 444 115 146 697 326 972 509 188 814 754 223 91 372
302 456 286 514 340 174 102 245 622 552 398 308 458 800 762 929 590 488 857 418 673 361 910 868 496 714 414 483 664 674 402 913 988 442 416 392 684 307 363 87 858 569 415 75 301 6 980 554 208 426 484 844 536 947 877 382 697 743 380 415 112 354 944 60 332 658 926 499 27 986 748 776 984 218 966 114 985 293 106 317 596 245 532 500 423 748 758 460 771 994 421 603 731 943 172 714 254 699 344 628
238 205 772 190 922 283 50 931 227 866 794 602 939 118 694 972 924 187 524 701 904 466 961 148 532 441 132 678 913 594 731 785 908 796 196 638 709 142 714 794 824 70 522 857 534 58 58 839 590 875 375 336 821 859 650 253 874 81 236 497 680 169 239 818 485 934 216 518 608 222 626 705 47 377 736 596 493 830 534 918 713 892 518 740 663 688 198 420 897 177 367 804 99 614 837 467 428 224 886 74
556 670 764 303 928 572 426 805 557 124 63 269 200 387 965 831 214 539 128 189 171 904 746 601 603 609 371 951 750 798 113 196 216 372 264 463 200 431 810 331 453 844 185 521 340 156 221 329 617 167 155 737 47 606 363 634 993 906 884 419 502 439 387 726 91 793 286 278 260 403 299 149 340 815 411 234 136 976 801 705 215 435 620 580 688 961 81 44 137 266 484 145 875 690 61 952 238 164 891 248
170 533 429 422 946 740 750 518 677 467 579 607 484 979 590 795 790 909 126 140 687 379 970 104 832 733 58 471 772 168 634 461 579 672 774 551 701 775 491 577 398 265 516 108 868 121 898 66 966 337 380 968 694 546 753 922 311 686 251 942 779 65 896 8 436 919 217 72 163 420 831 403 738 152 852 104 804 870 638 662 80 568 233 872 163 975 340 118 333 42 142 672 769 865 444 131 936 624 769 458
284 630 886 731 780 811 911 112 539 877 770 302 769 272 974 35 710 762 930 256 572 840 608 936 525 350 586 155 938 375 489 703 437 447 265 410 950 245 289 732 948 804 931 973 781 433 975 97 597 973 186 478 701 338 532 300 676 160 269 615 310 300 717 43 759 77 385 908 575 946 538 835 62 620 177 505 705 454 271 155 515 375 847 407 994 310 757 359 458 170 513 25 112 513 649 827 65 356 31 923
520 973 497 662 188 988 99 700 586 666 528 256 264 641 802 574 922 894 906 303 560 131 117 899 604 903 824 843 142 692 711 243 244 641 373 187 74 333 157 925 670 334 821 612 487 316 138 77 167 313 531 729 251 37 916 325 817 444 124 614 221 648 764 53 133 48 884 306 975 4 356 591 984 45 575 89 171 1 594 635 588 608 831 852 671 450 353 946 751 403 470 38 395 699 96 502 535 735 426 568
382 914 587 123 7 637 498 371 841 435 11 308 120 578 472 754 475 760 753 460 874 833 749 98 505 612 570 671 294 345 798 240 455 682 368 162 114 894 158 464 779 128 686 934 507 214 941 23 351 869 520 251 307 941 539 987 111 662 813 382 291 903 435 59 511 167 575 975 39 515 42 318 861 243 204 674 9 889 687 649 180 491 60 838 586 457 339 630 486 177 892 252 681 319 945 170 136 256 797 632
629 342 100 58 485 528 996 88 51 387 335 467 347 505 259 459 887 154 36 551 181 456 204 863 685 816 132 403 137 268 970 388 479 719 468 593 666 811 604 377 838 31 177 296 867 919 200 851 266 9 746 949 897 976 907 96 826 943 851 393 198 308 280 397 972 124 58 106 720 134 373 574 387 848 646 561 441 720 755 942 990 985 268 225 407 750 811 15 477 881 465 866 701 296 866 833 911 927 271 254
234 209 437 304 653 804 86 145 980 219 529 192 416 998 927 248 198 323 322 792 755 157 698 180 765 422 751 417 437 26 186 284 281 856 239 113 426 723 741 755 895 55 697 111 67 137 38 490 784 638 373 491 550 269 985 353 316 472 961 147 951 782 237 609 1 430 721 232 716 459 400 254 374 997 625 144 99 99 847 909 551 458 179 775 829 691 798 675 618 849 844 342 259 915 48 296 672 654 939 559
264 631 305 371 281 836 110 584 853 139 903 843 371 92 888 345 780 537 810 64 446 945 637 802 389 635 550 358 547 617 785 178 896 742 322 415 241 97 39 735 884 523 209 19 817 240 633 867 48 200 693 322 701 949 435 647 743 710 326 829 646 520 639 600 178 796 33 569 603 839 852 783 799 83 222 406 900 976 14 486 468 265 99 426 160 105 669 619 829 765 721 476 37 714 637 528 284 826 23 593
580 109 656 427 548 582 209 852 141 243 900 852 17 451 586 372 929 759 922 784 791 920 317 807 614 841 627 379 219 118 850 978 488 316 90 762 694 636 213 276 541 985 400 201 329 446 121 200 682 130 547 785 292 220 13 158 591 702 174 846 566 168 203 426 912 344 430 851 313 304 513 537 524 676 668 155 310 985 632 388 266 509 319 198 240 89 816 772 313 949 185 56 592 488 797 511 508 464 563 722
374 443 514 873 907 463 598 82 20 456 142 696 775 162 638 677 331 185 402 645 772 73 102 64 301 323 962 955 179 934 667 48 32 641 282 578 97 687 349 295 57 715 337 393 151 911 305 585 229 234 95 261 230 918 274 885 941 480 0 793 737 227 143 306 786 786 109 588 159 367 830 916 332 568 411 152 148 438 215 140 622 428 894 395 892 292 776 618 743 477 783 767 144 440 867 271 854 185 408 98
288 378 482 873 734 524 163 922 275 834 886 765 793 873 414 8 762 753 9 285 915 802 166 379 680 945 28 99 134 260 543 913 904 518 666 561 740 220 69 545 379 532 363 121 919 396 335 572 704 464 781 414 517 651 601 636 915 418 116 182 377 807 290 773 485 846 570 235 759 85 755 770 987 587 830 472 995 509 254 647 810 621 289 626 759 964 44 221 1 228 338 126 521 424 537 22 144 248 69 75
673 947 390 993 616 691 979 397 751 476 339 911 311 917 283 293 644 856 746 300 946 654 461 189 946 969 54 28 914 209 622 343 379 483 356 187 230 889 242 782 820 711 8 915 164 323 722 238 724 401 715 604 822 425 315 268 724 450 280 226 993 553 618 505 543 533 457 365 420 202 251 98 276 315 145 916 509 361 758 669 220 527 799 912 63 914 329 75 947 306 810 836 368 424 228 328 250 220 663 635
575 900 698 911 566 446 823 683 38 4 712 808 739 566 236 401 932 614 647 859 248 168 145 270 784 432 285 319 672 51 14 145 867 237 972 300 321 626 596 544 52 899 669 341 180 771 776 776 469 312 837 851 712 776 137 379 657 282 181 207 446 753 498 588 634 341 212 124 628 126 951 605 638 414 950 711 413 303 375 0 469 276 105 29 703 985 314 118 530 137 454 400 21 74 703 104 545 6 603 360
743 281 835 56 442 724 83 336 832 705 367 10 739 245 32 440 633 123 23 395 576 155 297 40 158 894 230 315 978 379 700 376 737 182 217 180 464 751 114 304 995 109 685 793 739 186 909 351 239 649 793 303 335 326 80 400 189 373 567 297 976 728 742 744 356 18 808 26 482 163 751 904 731 296 551 214 289 191 556 485 840 857 859 359 497 981 245 561 688 371 364 486 702 682 801 150 142 201 885 591
947 519 921 384 940 759 515 495 644 47 644 781 883 613 19 470 345 242 193 888 401 873 224 753 61 923 358 959 681 860 743 248 770 978 648 366 984 101 418 776 6 987 443 773 158 736 197 433 339 246 761 384 946 159 712 797 12 410 733 221 742 328 970 376 243 143 128 367 903 610 572 621 993 680 416 132 482 497 6 83 972 266 171 329 28 164 57 554 666 796 447 668 762 483 621 237 632 578 227 295
689 203 334 58 806 492 503 458 341 118 916 884 657 37 157 173 212 743 69 5 131 145 856 506 240 184 298 576 539 638 133 388 739 40 178 505 183 770 346 233 919 245 376 583 144 749 398 153 993 453 418 781 0 384 250 844 30 640 37 912 536 849 765 965 202 927 661 409 343 117 552 256 951 97 892 751 944 245 619 59 85 779 646 30 737 858 604 743 80 164 234 414 915 867 447 170 643 64 80 347
100 85
382 863 190 638 668 771 653 720 674 452 234 860 577 107 362 769 311 449 862 225 730 827 727 139 877 562 659 875 959 553 637 763 144 848 866 957 671 395 861 451 625 176 573 935 691 73 201 989 278 565 524 739 886 740 738 556 637 226 5 804 655 51 193 174 962 767 161 138 562 732 229 408 267 716 148 657 305 941 591 332 877 570 555 53 442
733 879 531 859 932 848 359 510 583 97 615 68 437 69 327 332 733 530 306 947 671 222 75 427 495 378 542 962 271 531 76 237 808 969 257 847 741 317 902 671 608 254 804 673 428 158 417 126 967 232 119 871 8 89 724 157 784 424 608 614 752 154 363 201 295 911 532 34 990 3 403 581 548 626 380 669 333 332 228 942 635 154 99 565 893
766 541 89 465 234 969 454 409 457 831 917 519 468 52 43 962 488 760 89 736 882 204 611 548 905 615 390 189 230 274 431 895 703 404 513 122 148 641 498 674 468 233 541 35 772 299 445 740 84 910 845 718 961 521 87 36 220 290 463 780 944 124 184 37 228 234 663 875 789 838 278 242 851 231 50 779 547 517 625 136 4 702 635 492 961
167 106 830 186 293 831 287 589 450 669 423 659 859 26 353 321 363 526 507 611 971 913 275 740 839 463 233 137 920 477 33 57 818 283 801 2 707 634 917 329 351 548 679 555 911 282 661 124 736 463 423 544 202 239 123 159 381 512 66 837 770 560 717 153 881 864 17 102 60 671 69 352 395 705 944 976 314 479 255 143 258 574 564 179 80
955 315 722 186 87 423 93 790 723 500 431 975 943 516 574 128 201 394 790 472 548 930 998 586 297 155 607 838 819 623 71 757 95 16 151 856 44 874 537 106 276 320 191 966 791 295 57 963 928 497 793 398 774 294 435 139 57 315 114 250 589 988 706 285 685 380 358 777 944 95 836 626 435 477 220 557 574 668 363 274 885 537 505 224 138
668 621 136 767 447 263 128 824 202 39 442 816 866 900 422 681 691 605 88 395 963 54 363 120 328 376 471 780 688 157 800 764 205 754 621 440 569 409 690 206 911 850 108 162 156 272 56 871 904 324 321 462 944 162 211 692 33 459 607 121 417 148 606 512 363 433 467 139 176 925 585 507 677 900 718 264 618 632 765 904 710 993 931 376 162
124 208 403 890 193 499 814 207 546 760 366 362 13 168 62 602 741 502 542 96 739 460 696 962 953 143 850 742 632 704 322 59 985 461 323 556 621 969 319 378 594 60 246 917 869 613 487 184 313 772 612 360 615 744 138 943 423 900 970 532 890 598 806 583 888 865 953 397 935 336 38 459 244 968 361 334 413 544 38 619 883 400 977 923 259
690 796 363 578 679 157 794 578 969 256 137 267 713 696 670 936 344 772 991 485 824 957 554 58 148 521 648 157 488 85 821 617 113 604 721 437 31 21 190 587 968 44 44 807 690 48 132 160 648 245 195 878 445 537 472 55 264 90 645 294 498 322 67 925 378 746 302 378 104 628 689 613 58 241 92 808 713 532 297 990 685 516 248 431 628
157 922 43 112 258 867 117 204 399 438 595 29 761 957 165 509 23 965 977 788 924 891 908 802 259 575 584 759 300 66 78 916 529 891 447 828 60 294 555 180 258 580 10 526 422 187 875 259 196 33 864 731 538 549 670 571 699 315 191 287 243 990 733 277 410 798 630 514 932 867 545 539 225 571 28 324 642 592 790 457 64 79 129 196 223
750 66 191 402 305 968 411 22 230 763 404 678 523 393 796 862 496 826 173 940 565 992 1 731 509 174 281 101 669 493 539 139 46 546 719 792 563 998 855 499 223 177 143 945 881 911 563 698 845 230 133 483 661 577 199 1 170 87 835 788 831 914 716 113 312 569 442 386 783 470 911 17 27 79 322 769 512 425 905 219 512 299 883 976 590
503 22 418 853 215 435 878 785 637 207 103 308 309 27 232 369 158 766 180 686 849 538 491 331 131 1 515 270 289 623 842 646 447 730 735 135 489 937 494 297 783 220 169 345 704 579 657 461 403 870 903 879 564 676 724 929 791 762 501 596 681 938 102 420 972 732 788 38 676 546 910 874 494 881 116 591 676 763 454 129 322 968 64 422 211
587 925 791 931 376 222 188 230 336 81 263 948 396 457 560 728 162 927 822 449 602 818 70 384 801 479 976 244 152 673 442 655 932 206 564 558 821 212 126 748 783 446 561 872 412 470 167 647 429 272 0 708 968 707 766 960 413 771 432 183 184 217 804 630 838 929 766 782 230 151 529 6 327 159 399 712 431 716 834 946 899 398 243 719 399
127 398 433 540 591 171 687 771 184 150 276 737 814 185 685 696 984 97 167 301 515 189 83 131 229 267 285 876 492 256 763 212 639 600 932 713 742 880 439 176 940 528 169 96 927 107 692 497 965 939 778 134 428 676 56 883 456 968 162 465 232 489 773 81 445 145 461 999 723 977 260 230 41 819 628 975 250 319 291 746 956 298 902 522 729
6 943 313 486 761 582 678 107 987 294 915 447 467 186 176 214 154 418 876 953 876 845 499 299 306 418 412 653 729 512 588 150 208 761 49 345 440 416 992 212 646 212 264 843 206 647 758 509 833 476 610 870 186 509 172 78 620 453 220 177 325 885 78 479 228 430 526 929 36 812 758 752 523 965 403 338 52 974 794 213 665 857 376 934 598
572 184 465 902 348 73 474 952 867 433 316 619 546 974 105 594 853 896 184 749 124 943 957 297 402 130 579 456 434 97 779 933 579 984 258 687 197 764 593 6 662 105 768 183 23 935 355 324 472 719 327 594 489 764 468 929 810 554 944 63 50 630 987 761 839 307 952 936 519 530 334 912 865 429 466 977 424 983 171 229 928 602 497 625 626
621 362 813 630 377 809 80 68 190 438 703 51 577 70 988 14 47 610 587 639 81 920 365 574 491 766 703 19 129 681 19 126 795 374 223 116 37 188 321 159 110 931 412 909 444 294 818 808 377 619 835 178 119 292 225 69 931 120 612 637 262 451 11 345 304 236 979 772 774 330 202 104 777 49 831 594 236 961 487 539 671 494 130 932 84
15 67 307 406 530 983 616 992 819 887 550 986 464 839 164 829 116 999 336 945 274 310 580 594 833 681 399 650 114 610 256 547 585 803 312 395 883 620 244 588 117 944 984 806 346 80 468 619 972 624 58 353 481 269 938 802 283 534 614 542 397 942 183 805 786 813 214 669 687 890 219 60 303 355 42 309 478 87 533 519 602 111 872 446 544
713 47 745 950 142 198 252 16 776 307 356 341 46 27 143 807 965 227 645 391 465 629 14 18 750 372 731 338 335 719 248 144 558 312 978 242 634 725 371 253 970 908 12 988 511 281 576 160 595 10 649 487 206 54 69 864 863 135 691 215 154 713 195 856 131 974 69 274 830 788 394 837 96 390 758 681 112 894 181 18 994 125 730 278 550
17 38 313 542 198 769 131 369 182 785 597 161 978 299 130 623 601 834 46 152 623 497 9 429 421 162 556 282 752 685 103 68 255 730 254 868 459 845 786 864 396 2 92 519 763 157 634 289 133 303 216 952 242 169 781 432 161 515 139 682 409 561 733 501 364 587 20 674 728 615 365 467 752 492 192 758 754 497 27 96 707 731 85 57 100
743 865 901 70 54 652 896 236 551 615 256 843 796 778 691 755 807 520 806 228 876 789 651 352 360 732 518 892 737 541 627 887 176 946 647 4 910 948 355 310 935 906 789 448 208 856 79 115 45 608 187 454 606 899 262 806 675 887 366 766 738 889 517 559 132 262 289 962 662 403 632 857 918 386 334 284 128 274 444 333 456 1 567 771 738
602 534 597 641 502 88 352 345 317 494 145 823 772 222 436 238 406 645 338 153 975 152 820 434 965 169 426 334 533 68 797 911 394 392 642 353 996 213 437 860 909 3 122 965 984 319 587 130 966 985 788 267 16 593 596 669 328 126 813 436 560 238 32 994 1 562 802 439 322 566 997 134 875 570 500 260 455 402 805 187 208 292 103 424 352
709 936 207 66 710 493 881 31 876 740 35 971 234 768 971 468 895 881 602 492 598 526 855 822 840 605 586 904 534 963 162 65 969 21 286 111 737 266 302 364 141 877 504 376 453 863 739 850 916 687 185 269 903 900 338 879 769 675 109 993 436 651 16 775 946 459 326 97 340 919 217 698 592 396 762 277 602 526 999 551 632 403 365 835 92
888 472 398 494 744 471 92 371 742 792 635 307 747 75 306 206 703 961 227 29 154 203 773 132 948 154 313 241 966 876 590 160 745 515 538 116 920 652 587 325 617 422 400 85 913 603 828 312 719 58 549 274 570 212 265 822 53 600 916 27 574 474 891 163 987 255 868 838 838 231 684 632 518 86 85 478 917 371 518 312 430 17 328 186 117
448 719 54 368 917 374 991 758 442 339 447 450 738 240 654 384 808 113 593 389 646 113 129 804 877 410 299 437 124 759 550 105 780 166 501 655 176 385 701 360 759 182 672 768 440 509 201 573 468 686 570 331 553 360 878 68 79 757 840 88 646 375 244 252 224 472 648 568 270 949 940 77 415 852 817 383 296 496 41 684 152 784 368 691 668
205 767 335 415 762 578 382 891 800 655 568 221 436 305 14 826 176 256 822 449 337 646 385 579 258 36 771 237 861 462 136 790 358 424 362 648 82 460 186 911 868 425 501 278 881 855 400 772 658 896 621 519 981 192 893 659 327 402 80 270 811 946 349 745 843 630 944 496 701 421 219 228 117 460 879 673 158 791 202 107 253 127 259 438 268
694 369 436 315 624 213 479 2 276 18 166 411 378 681 522 600 12 110 767 405 154 799 139 203 435 569 937 265 540 490 428 613 14 836 709 664 945 390 690 582 506 573 695 414 568 369 591 138 357 303 385 687 805 977 635 560 458 45 300 930 315 539 988 687 656 560 351 721 147 145 412 659 236 126 999 95 771 803 879 489 133 363 925 276 547
147 235 890 806 608 266 405 441 815 272 10 817 770 926 506 813 54 474 610 495 789 896 364 904 266 582 575 976 860 850 538 276 487 587 109 512 317 917 951 507 747 265 93 902 168 343 194 17 840 815 999 831 290 475 129 94 168 263 666 215 323 548 807 517 256 671 829 277 377 660 135 322 999 863 530 18 565 70 180 260 209 792 702 338 219
210 753 842 895 20 363 43 770 127 68 332 913 638 673 350 227 778 241 234 53 985 149 226 813 237 480 395 108 358 460 590 582 518 298 418 101 556 634 139 607 758 413 999 579 888 332 656 111 53 991 200 934 855 372 457 494 1 276 238 286 295 792 435 944 572 69 983 806 983 288 127 928 45 204 690 838 946 306 723 60 184 466 865 174 852
942 635 252 41 582 775 60 553 47 482 220 855 909 302 487 451 972 662 272 451 563 753 248 401 93 487 29 523 778 241 494 119 683 410 554 709 327 427 37 559 723 281 938 930 993 967 551 203 988 301 666 380 171 775 81 467 790 422 997 100 840 309 173 19 739 605 342 290 449 543 26 731 565 683 760 618 44 43 425 432 399 209 275 336 889
230 89 882 174 747 552 788 611 796 852 705 16 425 804 933 561 515 400 987 938 549 258 443 450 19 584 497 997 319 988 43 714 296 854 429 752 730 475 864 32 123 630 829 471 70 917 977 7 336 72 984 880 819 746 533 242 415 825 725 28 83 617 632 20 71 45 875 717 178 854 738 73 977 915 257 83 785 686 378 132 349 810 478 36 505
432 832 965 85 505 385 430 105 535 573 824 556 460 59 576 846 253 577 371 999 690 711 602 233 331 738 116 132 819 259 965 144 359 459 547 852 184 453 528 521 698 589 467 149 864 96 267 126 622 150 188 967 409 847 722 368 71 627 959 810 442 264 562 606 139 779 726 346 990 540 677 609 304 184 714 689 982 223 618 236 715 995 29 22 413
760 224 346 406 657 816 962 912 930 438 156 552 891 509 985 438 409 100 22 623 508 508 297 84 481 468 476 460 137 325 619 149 682 161 178 946 234 849 635 752 27 318 117 891 477 991 764 741 431 232 695 468 813 703 115 357 290 91 666 640 213 522 471 817 253 124 88 1 193 366 104 862 520 736 4 157 522 936 485 956 609 981 605 28 380
957 694 257 420 242 702 937 103 132 232 173 898 951 827 520 942 85 482 543 308 388 869 962 313 256 141 561 854 427 346 595 29 970 917 732 456 373 425 475 573 274 111 183 326 483 880 776 2 757 455 261 14 158 101 390 168 728 732 71 688 58 109 276 753 862 19 691 669 111 316 328 182 714 742 574 555 285 668 681 268 661 221 857 416 864
391 662 854 393 545 202 180 496 786 762 516 83 977 302 966 538 293 884 798 606 105 499 17 762 932 764 624 214 753 822 26 94 837 503 573 151 339 352 629 305 433 452 698 789 129 810 539 529 288 526 632 692 242 788 241 669 303 264 562 255 958 415 945 800 792 992 234 284 522 98 619 234 543 221 753 924 570 909 295 668 149 746 670 558 141
167 68 730 959 300 649 916 834 750 949 663 256 232 108 178 493 885 711 257 615 957 416 534 37 191 902 979 512 188 483 790 210 511 431 127 234 380 523 494 350 914 750 861 109 438 808 394 351 36 420 212 283 775 547 898 541 661 135 694 479 128 985 902 440 515 75 402 957 240 506 489 761 227 780 202 23 541 490 351 917 22 453 72 317 282
150 104 657 741 817 102 661 180 714 458 154 265 880 615 37 924 668 512 724 96 878 145 587 175 511 123 347 863 605 603 429 407 842 571 245 27 433 800 475 977 748 336 942 737 105 753 775 68 494 302 665 565 808 349 123 578 489 198 936 926 106 388 858 533 994 643 463 585 617 19 305 654 385 351 167 229 873 828 472 317 231 666 803 381 589
606 967 637 744 304 384 763 153 791 347 151 692 475 658 256 371 584 413 588 61 364 532 521 838 124 920 67 941 344 176 934 309 799 663 766 6 997 957 275 117 256 817 291 149 281 915 849 736 310 360 109 300 854 473 4 612 969 715 457 520 517 11 551 676 465 72 89 381 722 951 990 236 567 960 647 187 342 316 412 73 916 331 563 687 298
295 642 588 36 715 143 815 239 445 299 552 567 939 773 382 910 320 973 428 574 544 747 805 689 52 914 417 520 517 459 702 824 167 554 93 482 549 845 740 929 938 609 358 895 283 706 880 180 68 650 635 297 267 613 289 31 481 578 564 438 630 441 81 404 771 726 424 456 93 993 375 635 328 677 109 718 377 883 932 753 497 844 914 948 531
790 549 162 339 913 955 298 599 638 190 646 259 953 717 947 676 5 890 650 498 198 525 800 80 894 868 800 279 428 601 864 854 359 689 709 321 623 809 852 105 347 817 157 928 816 840 681 184 647 765 459 668 163 497 569 216 191 80 922 878 655 278 50 289 233 771 68 851 634 367 826 639 147 638 922 477 426 766 548 666 870 5 647 270 443
688 495 499 125 433 217 90 976 193 643 18 363 248 784 385 343 10 191 265 353 97 762 870 603 574 31 873 354 491 108 712 393 275 446 275 871 144 134 164 363 199 931 768 595 572 529 913 831 841 813 388 555 723 141 71 889 185 453 930 49 546 440 554 737 329 781 51 169 463 152 288 467 850 756 714 4 307 74 466 588 585 572 516 399 828
209 594 395 262 247 163 923 409 203 879 838 749 751 776 155 241 594 603 500 995 93 229 628 106 976 688 674 467 347 471 78 767 313 218 805 375 858 607 678 838 920 43 30 404 526 361 805 300 945 386 937 268 955 945 984 708 677 578 399 780 914 662 496 991 804 256 306 112 196 407 951 803 236 319 906 441 702 498 427 866 638 9 185 949 369
320 174 372 895 85 708 857 865 828 375 815 107 652 733 593 379 438 927 393 340 238 258 185 637 87 775 414 44 483 298 19 585 894 995 99 412 25 592 384 656 756 18 300 595 468 588 620 142 870 880 856 693 129 559 430 790 823 493 987 581 525 944 2 512 780 988 740 300 524 337 850 340 94 488 238 508 882 415 64 289 203 59 530 306 75
598 821 816 973 249 987 789 246 656 128 525 976 116 370 292 48 111 362 211 697 696 2 568 508 818 459 511 581 218 580 906 778 107 108 699 28 582 545 1 21 324 736 990 211 813 53 314 168 632 312 624 636 192 926 818 747 882 42 91 860 350 465 809 214 706 984 264 104 137 340 894 187 487 806 732 110 613 370 572 384 24 653 756 57 496
631 880 360 75 127 959 328 391 296 20 186 105 609 330 375 390 443 268 308 628 378 32 455 724 774 337 12 881 591 480 771 205 653 811 305 413 3 661 95 795 530 624 194 898 760 655 395 588 354 485 757 608 270 706 992 898 63 305 901 508 503 759 227 417 67 327 706 996 442 941 398 576 709 395 534 182 408 616 547 233 871 960 800 803 144
860 212 749 595 351 25 892 108 961 475 458 625 817 298 546 442 614 838 955 173 485 666 867 296 666 682 740 242 827 75 600 219 464 947 890 638 503 708 528 969 839 476 472 259 480 162 587 156 62 687 996 630 994 49 217 14 47 590 795 354 440 768 588 719 462 407 810 247 309 365 636 768 453 169 541 279 908 625 848 920 425 324 377 521 879
418 664 86 396 268 410 693 72 91 71 403 408 394 179 701 242 673 286 462 835 130 436 908 811 588 245 46 840 103 663 394 104 325 895 340 82 451 569 386 606 528 212 15 925 371 729 320 816 356 39 567 42 213 934 752 104 476 739 128 688 197 254 758 336 373 697 387 223 683 609 84 170 765 729 848 305 990 878 432 34 138 130 947 809 891
817 603 604 932 596 592 743 19 562 39 28 827 931 887 429 124 798 483 70 107 711 221 593 30 454 891 105 400 107 599 376 318 773 867 206 839 353 529 857 854 888 911 655 568 749 426 611 174 853 991 814 234 84 189 881 360 936 182 751 328 788 653 813 197 537 585 395 697 969 998 364 390 627 669 750 70 510 775 42 465 366 840 102 336 358
53 29 199 165 565 463 300 10 141 109 665 886 982 100 412 296 338 174 904 799 27 124 953 525 372 436 712 728 941 166 811 483 934 619 913 742 108 987 350 705 767 48 740 471 10 51 860 743 920 882 64 649 94 445 364 316 335 61 101 582 247 754 365 664 939 183 785 632 21 405 501 931 270 589 724 436 0 95 61 600 816 358 371 986 20
106 778 728 85 771 732 599 898 375 555 173 313 107 774 254 325 545 86 973 308 329 449 639 209 698 463 714 490 514 935 946 831 378 708 70 688 129 934 906 516 92 177 859 88 846 904 892 569 830 311 502 323 731 283 482 907 631 234 775 277 304 253 940 889 743 420 831 48 916 356 549 828 228 968 310 785 766 118 282 615 72 517 165 86 452
279 469 311 657 258 770 782 302 755 147 761 176 308 818 171 404 933 525 782 974 364 338 791 23 568 396 930 511 139 96 540 706 662 741 450 690 331 774 718 935 551 315 326 481 281 684 665 903 572 118 282 961 389 367 1 640 966 280 923 456 981 579 326 260 140 925 410 392 351 401 850 851 998 757 611 92 109 458 267 720 8 13 282 104 272
157 789 222 384 161 45 622 689 359 270 411 890 812 940 384 830 542 262 494 977 511 484 429 545 149 13 148 425 545 525 704 728 978 828 708 440 359 840 286 999 795 612 200 194 808 282 478 860 171 183 670 606 442 339 664 72 930 23 216 375 988 180 930 552 630 909 195 738 614 129 22 811 163 888 436 414 323 952 452 819 809 549 301 273 237
210 225 502 814 589 456 252 347 848 453 393 759 736 684 588 613 368 181 87 987 669 959 613 687 296 447 662 801 993 654 264 916 419 392 890 434 161 908 398 475 898 520 557 374 199 339 391 925 657 798 271 960 132 451 270 1 454 246 115 683 851 604 890 552 591 363 109 139 412 683 767 20 80 841 356 347 203 760 482 53 762 370 500 981 902
267 520 93 102 635 587 350 385 486 954 119 914 569 138 843 585 615 735 825 724 609 10 891 811 796 156 743 414 278 734 527 410 57 649 818 467 701 407 498 502 293 335 369 507 731 852 182 527 120 698 219 481 980 99 381 438 380 654 279 949 496 136 297 481 396 374 650 976 779 667 78 25 558 369 926 597 240 768 170 666 342 114 993 279 322
520 51 291 432 376 894 480 811 406 963 538 531 801 692 333 684 368 958 339 784 987 63 630 997 898 232 374 630 432 818 333 295 543 968 340 419 770 711 546 514 958 967 963 232 421 279 791 56 67 914 945 225 80 397 328 748 520 492 642 142 271 362 183 80 69 284 450 353 824 607 740 847 974 868 188 450 627 518 47 715 701 718 831 574 782
857 77 677 273 488 813 790 827 708 846 778 360 300 497 834 921 383 300 933 670 21 469 350 31 226 10 785 487 487 992 571 883 964 197 662 395 812 518 626 999 428 353 903 738 294 520 132 326 326 695 807 64 292 107 787 827 962 862 691 392 679 797 812 563 719 188 695 67 771 795 752 560 201 91 265 863 198 618 692 850 651 913 648 531 190
404 267 878 85 593 609 479 373 199 977 86 974 253 88 363 963 200 734 184 489 198 234 117 14 666 632 910 981 173 682 198 617 371 294 435 359 786 120 757 252 597 719 220 987 257 449 631 887 129 853 943 658 739 217 226 10 764 942 326 801 144 68 74 624 457 638 316 640 29 398 32 287 841 772 985 922 11 82 656 727 760 990 367 373 953
965 521 227 322 6 849 410 936 52 151 383 38 87 915 355 977 529 303 120 669 315 159 575 489 768 706 802 915 720 658 426 918 912 429 83 580 499 814 13 55 988 623 744 929 426 568 469 632 2 53 971 398 953 64 700 324 257 235 565 405 96 828 199 664 963 751 559 113 460 153 472 522 287 30 617 345 908 742 156 376 468 800 290 496 348
648 981 226 830 926 397 298 224 23 217 324 899 690 308 642 1 970 134 253 302 73 701 790 537 425 359 990 338 281 846 587 101 532 794 605 200 112 678 596 453 847 809 57 575 684 599 795 882 596 46 229 787 217 460 615 120 509 569 499 447 498 989 646 364 908 100 516 360 899 647 696 630 708 826 74 140 176 329 989 133 885 769 651 64 782
497 381 340 643 746 468 642 888 806 5 119 48 699 90 328 966 829 69 389 840 649 416 842 464 931 665 405 21 453 286 47 362 88 191 25 171 99 368 940 788 685 434 171 450 849 841 903 138 135 388 482 418 747 759 176 297 590 447 587 22 909 631 772 667 610 550 153 319 365 405 118 3 684 647 188 286 861 256 299 336 626 278 583 431 834
70 649 58 512 340 875 19 938 993 301 230 884 219 470 733 600 869 803 113 391 210 204 213 346 139 998 775 412 144 207 739 9 369 825 369 29 664 672 311 706 77 645 63 507 30 394 790 706 674 361 361 901 9 26 983 57 152 837 403 305 451 512 865 845 427 79 264 764 326 514 312 326 198 864 148 257 132 295 22 390 899 251 307 34 560
571 152 685 532 178 321 314 328 377 464 417 786 90 452 617 546 50 691 320 722 656 622 910 314 797 470 497 95 577 225 521 123 401 110 469 24 548 182 662 648 556 668 712 289 31 532 688 4 197 661 590 371 277 714 65 390 937 759 385 4 851 164 70 652 428 409 72 808 646 673 378 469 423 57 773 171 486 256 517 12 208 935 971 398 764
238 307 628 152 412 591 490 658 61 130 3 102 2 992 670 932 970 544 379 196 804 744 539 642 163 167 940 960 845 504 897 201 651 952 299 585 126 947 736 790 996 845 425 527 973 75 2 328 408 995 87 495 223 358 155 271 815 172 827 961 822 741 582 77 915 993 878 366 696 203 531 517 37 246 664 619 764 407 599 292 121 681 170 129 764
38 112 160 754 272 865 131 753 523 702 590 945 307 481 619 148 874 54 566 357 812 477 306 762 822 929 607 835 142 943 106 378 127 700 849 990 103 51 11 80 678 891 428 696 780 899 345 159 452 802 866 29 158 651 440 330 430 331 613 24 986 560 611 644 235 796 327 783 403 404 589 308 695 874 881 990 999 283 42 50 6 825 325 884 349
779 215 264 951 59 869 125 831 154 241 439 202 772 52 136 491 189 899 230 64 751 167 311 2 746 717 992 60 202 983 275 846 207 645 150 1 448 730 79 130 870 946 741 919 91 414 62 457 497 287 867 579 708 687 801 594 525 811 618 559 455 231 955 291 106 569 793 290 922 66 723 378 876 634 289 283 487 676 83 37 39 538 848 925 111
185 704 932 416 155 25 651 28 280 161 369 825 818 758 501 974 700 668 294 398 781 428 392 469 480 31 734 146 422 272 673 397 25 553 324 376 581 925 813 725 512 219 19 209 25 829 509 67 373 2 197 668 766 665 846 952 751 542 233 58 285 111 249 207 558 153 684 245 357 710 104 409 913 196 788 623 182 498 506 272 503 923 227 250 580
105 520 689 643 586 205 951 978 911 964 900 364 381 142 683 758 195 798 817 153 192 987 681 495 971 285 219 194 522 825 498 649 590 232 567 605 436 483 610 156 858 460 260 337 975 827 559 52 423 913 70 590 773 647 525 203 94 609 437 14 114 860 587 103 828 699 201 75 987 871 393 735 427 983 265 534 294 80 172 602 65 553 836 197 799
675 70 962 668 961 852 517 42 83 337 289 63 721 758 528 137 331 8 272 361 580 835 301 355 789 836 912 709 72 620 298 233 271 609 720 842 397 601 473 48 118 178 229 427 546 321 350 792 774 942 37 412 576 158 165 736 851 282 710 960 255 189 938 25 800 372 17 998 888 737 447 577 503 417 996 201 474 167 518 878 102 602 449 235 628
450 673 977 465 351 999 366 944 221 682 769 920 309 117 505 45 915 786 856 739 578 585 219 697 170 662 520 738 60 539 679 765 42 542 8 836 640 350 169 897 142 558 489 830 262 691 488 408 755 63 465 245 229 305 473 543 423 413 952 349 932 524 482 420 620 407 996 924 564 842 951 112 113 730 71 300 170 829 210 98 77 41 541 106 203
169 572 916 34 866 104 908 188 598 439 224 115 651 445 115 653 812 338 734 575 643 534 476 363 529 606 598 328 998 541 300 868 366 425 850 610 183 482 178 97 687 586 720 638 594 621 630 453 891 702 925 816 883 847 148 818 425 131 267 252 898 698 715 555 288 145 590 267 854 551 318 207 819 541 857 40 142 940 83 681 455 947 990 430 154
930 154 632 650 247 576 930 960 71 902 157 366 977 623 505 507 761 844 1 510 136 203 153 136 515 850 741 95 625 935 671 983 828 559 88 139 369 38 121 945 709 584 640 516 341 182 957 775 605 452 471 125 490 25 435 957 947 487 614 226 641 932 479 284 604 362 792 990 927 92 990 822 667 370 880 502 128 741 96 200 455 117 590 678 247
502 970 836 908 809 718 263 721 877 672 216 312 556 72 886 58 990 901 162 316 978 811 911 282 565 47 61 889 264 877 603 886 812 678 489 339 368 832 985 470 958 602 195 367 232 137 894 943 599 848 349 563 110 888 340 398 454 264 393 55 638 748 674 737 984 36 558 815 768 351 576 805 754 122 896 537 223 566 528 783 585 736 487 385 892
377 955 564 348 283 548 445 366 710 947 772 855 446 622 351 761 406 955 742 844 149 578 211 298 927 815 161 110 0 837 299 903 413 849 892 404 104 225 379 883 379 81 807 503 984 33 896 369 936 536 495 572 367 381 784 224 794 219 21 570 557 617 505 556 294 387 229 995 668 788 914 121 521 456 486 477 592 791 133 108 818 389 951 923 679
247 264 419 152 207 183 931 880 443 262 231 172 375 654 764 607 388 811 517 158 376 824 527 978 850 482 550 335 194 733 774 495 133 55 261 617 599 350 756 913 18 460 931 480 141 414 651 101 916 638 854 660 869 89 866 270 474 568 121 72 130 470 624 840 224 779 210 346 350 994 510 668 805 836 835 685 245 367 595 248 592 37 946 440 201
45 826 903 439 423 996 456 823 374 955 377 377 892 999 552 791 185 986 680 389 629 571 369 85 794 186 977 69 36 295 182 663 232 523 909 488 60 862 834 500 471 729 10 297 279 758 499 329 593 480 38 649 290 994 639 196 859 158 501 205 195 910 790 758 863 122 79 184 979 254 627 479 177 772 190 226 342 317 668 345 880 757 845 72 580
513 837 830 579 968 231 777 682 230 615 477 899 601 831 873 339 527 720 887 492 570 563 89 941 385 785 455 625 547 734 890 817 320 155 27 566 194 262 2 406 562 855 840 526 829 948 823 435 24 812 229 730 69 715 451 55 759 911 349 512 967 214 352 148 745 238 285 992 334 825 941 839 581 417 786 835 132 245 782 729 79 727 601 725 223
814 290 90 888 429 807 269 115 139 154 74 478 219 944 880 200 631 760 282 562 887 168 934 606 873 878 44 512 330 998 236 422 651 339 551 300 308 492 330 580 290 70 885 470 296 997 839 937 386 411 602 125 596 359 664 55 661 870 563 382 200 582 409 808 889 902 904 321 990 559 410 820 637 571 265 642 803 626 246 146 442 20 692 481 969
772 537 353 763 406 674 739 117 274 689 929 490 442 886 996 573 523 987 110 605 2 309 595 919 476 561 382 644 844 151 267 622 299 847 574 399 76 494 819 531 963 312 809 593 397 79 141 111 501 299 699 742 247 397 392 402 506 438 480 372 852 307 664 221 412 576 390 167 502 305 902 792 734 495 68 997 986 986 74 262 405 545 773 379 509
945 937 372 534 97 182 959 965 502 507 519 707 610 594 897 753 765 281 145 48 552 951 777 241 52 467 679 354 444 365 787 263 691 777 932 946 927 283 498 23 856 623 283 667 887 726 642 386 437 407 63 761 70 473 716 172 660 912 65 62 472 864 425 818 105 537 100 787 491 949 977 770 887 937 236 280 59 723 358 882 813 214 524 790 383
487 155 243 271 687 781 2 455 34 153 791 909 496 334 233 646 172 151 534 423 70 109 334 827 933 727 303 424 218 817 395 361 325 89 666 974 899 570 962 847 863 407 83 191 68 170 361 218 356 835 434 682 10 644 801 930 950 124 448 399 0 678 459 715 434 654 611 929 92 458 926 454 210 200 992 348 84 565 983 738 621 474 842 721 599
742 669 659 262 150 153 915 437 307 157 495 366 422 424 960 970 552 204 336 868 973 773 880 649 849 986 688 413 200 466 400 847 328 802 804 416 33 723 599 433 731 426 820 243 449 154 867 536 401 319 807 282 100 401 605 334 249 895 630 828 971 252 312 80 258 19 144 939 813 463 31 39 577 286 250 941 443 655 289 476 550 134 461 884 190
408 845 465 583 828 840 825 50 256 501 645 602 15 881 607 509 59 635 913 483 938 425 714 88 639 138 64 233 985 701 79 82 430 86 925 703 746 534 249 747 308 216 781 422 504 131 333 761 827 915 96 567 598 171 221 380 313 414 297 101 538 479 353 866 31 461 792 712 297 670 787 733 725 935 511 90 649 226 240 584 339 800 504 932 812
626 370 430 474 353 477 144 25 82 596 454 430 739 330 114 811 461 715 130 879 318 111 835 590 319 485 929 80 542 903 775 880 497 160 975 883 978 622 812 519 968 150 798 652 170 662 255 411 867 571 219 663 161 893 350 878 89 657 573 646 250 565 999 666 709 106 182 859 124 494 51 665 292 676 235 678 561 523 218 373 330 485 130 651 251
52 37 720 581 523 391 527 56 720 918 338 786 19 191 466 520 925 779 152 728 69 278 630 576 330 112 160 553 520 691 827 780 92 534 728 53 710 855 5 160 24 824 137 602 511 652 781 288 257 896 527 712 689 543 967 554 875 824 990 525 557 274 717 40 654 118 747 122 760 583 551 604 331 974 562 725 656 286 202 56 205 529 174 482 114
780 262 130 596 761 742 176 258 282 698 115 356 533 59 568 871 461 789 135 517 973 614 881 192 878 729 728 880 812 65 927 477 632 156 615 466 769 404 244 944 978 400 269 6 2 998 543 356 8 949 952 670 414 607 908 58 921 803 490 155 656 439 126 355 504 506 226 858 145 274 923 802 599 102 321 778 172 165 749 282 351 359 661 493 758
456 127 377 214 997 161 794 880 712 624 159 448 121 468 42 29 88 206 855 66 878 443 420 960 81 552 940 307 117 769 391 140 599 482 752 634 536 652 811 620 664 595 923 282 156 984 974 359 686 996 25 597 583 147 351 53 744 827 621 983 905 140 238 321 611 210 977 934 315 562 6 973 139 82 889 145 310 214 931 141 863 394 18 264 822
359 12 652 546 327 272 438 315 774 628 838 700 902 859 454 414 776 275 223 286 716 439 432 722 134 956 153 10 249 740 28 895 856 860 530 346 173 364 707 902 907 608 520 430 779 475 224 51 978 521 96 37 492 671 858 815 161 502 171 299 587 232 45 983 463 118 61 62 273 70 559 461 458 311 344 474 357 77 28 143 26 934 315 580 74
605 618 963 780 154 735 783 714 542 817 906 59 861 704 572 93 552 98 61 986 82 794 841 506 595 205 348 719 911 716 536 196 224 803 997 66 291 448 434 534 496 333 775 741 975 710 887 827 407 6 561 390 28 508 420 838 114 989 689 913 964 145 619 614 151 665 898 86 350 126 888 469 977 461 333 389 406 691 975 804 509 352 856 118 15
244 859 798 889 517 404 118 481 201 687 507 976 686 947 955 218 574 731 938 383 728 813 562 862 122 584 324 864 914 38 857 914 176 357 615 829 817 925 649 245 387 572 524 436 407 965 716 421 771 958 533 161 753 792 445 203 979 154 323 26 932 718 815 806 810 68 917 93 761 671 659 71 17 579 280 632 264 454 706 502 926 630 424 263 823
451 840 767 996 388 212 205 826 85 317 18 455 152 596 886 65 5 653 413 541 869 966 227 192 127 960 815 350 681 456 281 851 584 524 636 514 661 888 109 889 935 685 308 100 293 844 679 306 994 735 834 31 859 974 227 308 37 205 98 957 266 879 18 344 239 691 596 745 590 301 852 955 334 793 388 398 531 864 314 223 604 721 638 229 337
562 630 663 16 533 536 767 30 525 9 939 0 110 23 629 562 465 43 489 161 857 698 363 695 362 371 300 430 14 949 271 747 962 502 544 529 657 136 233 257 100 800 223 678 17 832 683 443 72 748 178 982 34 253 972 63 644 843 743 221 371 24 463 359 707 43 411 650 985 221 281 744 748 653 284 674 143 506 584 144 65 901 920 526 898
7 612 889 834 133 575 102 884 529 398 58 191 305 862 463 811 671 388 901 232 629 311 663 235 160 934 692 943 899 724 46 864 344 73 245 597 548 137 761 929 31 645 497 729 862 675 635 854 233 599 61 39 734 64 596 915 591 180 944 680 108 738 577 765 937 703 871 774 137 969 376 131 605 486 324 27 85 356 896 970 516 331 96 788 34
582 545 369 235 739 246 791 493 584 42 302 844 405 751 153 233 75 394 380 796 91 518 659 872 136 428 416 756 229 193 537 757 400 531 950 997 646 107 517 93 562 858 638 624 560 755 671 752 732 608 237 12 591 585 216 751 133 49 851 415 195 308 652 35 560 957 977 534 878 297 541 435 993 816 343 467 764 708 330 290 694 931 200 129 832
891 376 140 657 295 417 166 103 211 370 279 547 487 530 494 364 839 351 68 394 386 737 123 376 904 59 278 662 282 539 464 396 477 602 901 705 981 429 224 422 375 856 343 466 469 136 851 799 978 114 356 501 928 839 734 58 632 569 299 574 435 286 948 421 47 981 116 736 438 317 845 184 263 147 875 758 953 820 132 347 996 834 826 863 10
114 993 395 971 245 332 856 673 589 118 12 94 312 286 807 974 43 710 881 758 81 917 903 226 4 524 905 583 13 701 269 671 440 190 93 75 120 231 658 246 386 397 975 670 246 2 567 954 131 767 548 317 507 412 671 51 698 769 269 748 473 762 402 515 53 975 659 885 931 497 688 568 824 36 987 543 532 890 975 904 567 967 843 482 148
115 621 955 872 507 460 157 230 491 302 117 889 171 975 585 235 295 195 964 278 531 453 512 283 452 450 154 998 11 724 191 273 890 350 536 442 764 790 433 633 171 705 426 139 314 861 490 142 821 390 546 393 957 93 975 775 922 157 605 585 125 909 174 973 932 468 999 193 521 729 242 145 732 758 166 456 828 591 953 947 919 793 424 2 692
203 732 853 806 684 29 501 981 18 602 4 482 821 279 907 326 210 593 135 327 890 968 62 50 887 504 429 369 978 483 877 195 877 2 551 419 463 451 664 180 523 267 219 119 849 672 277 289 802 949 269 595 979 30 101 854 463 236 849 2 28 335 936 469 26 385 132 845 706 707 702 295 870 361 144 451 45 546 992 551 29 505 416 370 723
183 73 209 709 735 277 376 299 625 148 978 457 914 186 179 933 766 985 457 101 367 918 738 663 378 656 527 659 78 70 722 333 176 719 959 694 325 30 984 158 770 43 665 93 717 974 536 2 847 294 392 243 557 380 812 132 39 569 316 360 214 715 591 165 46 318 161 95 313 519 895 155 571 651 752 78 841 325 332 332 691 906 54 571 740
996 112 759 301 592 491 421 343 295 628 364 479 455 516 203 508 891 904 266 290 523 751 457 287 74 471 407 717 687 546 179 291 783 981 763 90 778 355 176 521 941 919 117 217 325 418 577 958 367 417 151 471 776 41 256 567 838 399 171 244 757 14 852 63 905 442 115 870 750 236 120 580 176 284 808 400 749 165 622 335 761 540 555 318 855
384 535 797 22 970 916 343 898 424 914 558 688 635 687 588 792 621 933 281 342 313 943 451 334 591 332 836 262 358 242 33 593 520 443 792 512 367 750 187 423 870 289 772 455 469 591 245 348 849 192 74 999 392 280 924 112 123 219 206 415 747 198 524 257 20 459 805 817 926 622 36 247 308 59 110 529 662 819 427 735 782 553 315 386 268
817 639 253 17 413 892 817 41 807 293 397 831 129 691 838 364 220 716 775 854 553 722 802 358 685 669 980 415 681 464 691 666 757 56 767 451 287 110 976 122 153 239 111 602 120 552 612 24 291 625 300 919 416 438 452 291 520 696 283 548 412 446 124 620 553 918 115 635 626 886 77 847 157 562 214 64 942 170 627 449 308 470 21 997 397
