75 100
204 594 103 823 806 24 63 847 449 316 617 209 203 408 738 758 555 969 531 837 424 205 325 970 377 912 0 215 301 60 701 425 815 115 732 181 631 676 248 345 479 895 915 317 845 258 722 396 173 932 433 210 373 875 230 448 794 868 326 868 831 710 844 814 941 647 619 123 302 0 202 711 775 182 347 204 585 363 768 267 486 782 749 726 120 354 965 844 446 412 860 542 401 663 209 346 369 996 175 983
26 925 169 493 541 674 531 754 580 831 290 362 507 784 390 773 262 487 326 981 63 0 914 564 417 854 803 808 857 691 772 305 996 586 413 467 662 811 650 698 737 861 553 232 656 883 49 147 851 504 960 798 527 154 29 756 386 412 497 839 552 394 765 178 641 670 323 128 307 649 524 395 415 836 114 176 639 643 822 151 335 456 110 380 137 272 894 662 864 223 512 244 488 869 163 726 44 251 359 80
139 597 365 427 77 317 998 330 503 319 623 841 584 257 944 697 912 758 599 743 588 666 750 214 795 112 596 470 801 519 742 42 275 255 239 198 888 757 769 798 536 695 489 269 886 469 974 433 47 234 294 178 382 982 596 781 634 375 139 127 22 796 767 8 820 211 374 795 739 607 880 603 518 206 7 566 590 24 694 828 493 35 62 592 236 549 576 581 943 727 202 199 953 694 875 434 629 916 435 942
366 765 449 567 154 511 469 49 689 98 118 162 16 767 726 187 181 877 276 204 238 8 296 850 840 896 85 584 344 356 414 484 376 286 699 562 639 68 771 818 534 477 594 591 939 781 363 786 870 97 11 907 168 338 705 72 594 94 142 931 641 111 419 835 342 524 655 75 622 329 631 157 710 40 348 695 258 566 298 546 512 662 545 949 95 523 920 113 115 491 767 500 692 919 961 823 841 42 899 699
494 234 960 473 942 710 134 755 819 892 792 290 471 729 592 196 435 399 763 248 379 497 524 918 963 933 56 803 967 914 983 313 227 855 518 686 608 834 521 474 428 844 48 887 997 142 574 370 91 31 578 968 837 48 468 898 119 509 485 304 833 276 511 848 914 219 561 885 406 331 504 801 174 248 988 558 263 283 852 655 93 684 180 458 439 657 178 338 225 997 111 186 801 701 4 89 706 803 72 28
358 845 451 785 441 91 332 533 644 840 45 591 986 768 347 1 648 654 160 82 129 886 526 613 971 492 105 777 75 849 476 805 167 19 807 44 870 226 977 224 382 164 365 690 18 857 237 465 377 653 792 807 543 594 645 40 11 275 103 357 140 16 592 145 579 49 420 329 283 770 617 770 868 751 170 218 943 648 229 258 315 581 219 462 825 648 686 628 851 339 967 826 50 71 926 450 823 516 889 520
717 322 995 686 262 36 177 881 764 380 84 524 697 97 911 971 647 499 285 933 22 700 568 492 986 821 278 630 755 419 902 638 802 234 664 987 479 467 677 570 275 930 18 738 536 169 392 158 722 716 495 84 386 294 280 30 221 103 58 508 990 398 370 257 799 526 923 979 145 24 607 947 388 613 980 752 878 142 917 91 369 776 419 655 305 172 209 73 653 617 838 402 452 58 340 587 470 379 242 125
206 977 320 602 619 506 535 76 625 343 886 511 344 888 807 835 432 612 512 298 197 625 572 586 307 356 340 536 123 686 626 135 157 850 820 653 803 492 562 456 611 333 990 317 175 980 151 738 952 421 312 818 932 79 603 939 294 772 952 568 525 903 250 67 248 915 458 372 283 140 7 316 226 999 940 32 31 575 332 901 734 686 521 771 976 39 201 687 696 827 183 546 133 699 926 449 7 333 996 644
820 994 990 428 20 957 624 96 509 653 102 806 524 798 392 370 547 831 6 791 507 424 336 984 818 301 646 206 626 529 41 404 763 941 302 523 398 749 764 166 112 506 399 397 431 947 62 206 604 648 282 290 70 464 732 932 582 269 853 97 26 226 137 935 227 147 171 422 0 624 382 960 784 496 845 880 706 542 472 126 65 166 863 993 166 50 407 472 323 890 272 776 886 402 949 226 935 562 271 627
381 650 412 371 914 509 270 534 548 84 690 438 707 542 684 827 567 629 69 437 749 189 55 438 853 48 465 141 609 628 212 451 68 62 196 197 800 605 607 172 727 868 252 461 454 651 880 813 30 609 310 525 753 63 170 638 425 195 456 425 532 588 830 5 221 899 797 541 270 598 767 695 448 696 968 957 656 178 213 773 176 158 460 192 134 694 79 867 895 948 40 198 842 901 312 866 722 751 791 885
609 467 474 436 620 908 190 519 594 21 452 627 987 554 766 809 943 720 473 559 611 126 68 878 43 177 100 662 282 938 520 176 21 992 623 622 432 794 335 685 854 786 56 54 886 783 276 285 255 247 104 799 147 145 625 394 757 92 372 5 438 444 743 28 717 690 771 212 814 950 956 864 151 529 974 739 962 645 808 773 15 511 445 816 561 674 496 785 485 103 439 902 974 563 367 948 751 139 679 715
903 80 114 219 209 660 908 594 887 829 74 66 439 585 862 74 990 198 309 62 690 338 564 991 80 669 412 803 91 167 208 110 10 13 42 590 709 151 642 261 968 228 867 426 349 326 820 162 481 713 961 628 629 792 782 680 917 370 983 27 223 386 600 955 581 959 526 291 21 731 443 530 131 807 271 828 143 832 331 323 158 882 983 473 763 315 465 58 58 581 459 629 462 347 56 274 606 303 55 888
150 865 768 823 661 206 558 937 605 22 503 491 312 371 339 154 496 715 665 716 711 29 188 952 347 702 267 84 307 30 151 354 690 860 248 693 332 617 85 519 522 949 262 304 387 860 80 298 566 953 708 474 465 350 235 861 55 381 535 688 903 368 254 196 232 69 456 37 343 642 26 164 677 946 879 596 15 693 837 377 11 670 432 978 114 353 373 962 241 207 293 969 51 884 293 186 989 120 142 772
639 931 355 38 305 71 858 545 382 989 705 143 180 90 240 248 836 866 956 368 58 296 456 957 157 555 901 875 36 744 725 859 60 114 963 534 143 311 255 765 932 761 567 503 800 656 294 933 73 444 274 899 168 447 336 418 982 441 551 158 262 987 799 263 469 895 896 174 418 212 329 658 203 590 931 589 321 994 576 337 299 307 351 540 98 274 631 338 848 393 49 251 727 121 284 355 836 99 709 468
580 776 60 915 338 918 288 8 573 690 740 417 749 831 396 354 734 100 460 940 696 200 358 78 900 202 137 761 308 10 637 524 482 328 432 714 319 896 815 603 862 500 741 199 208 863 101 508 224 948 293 218 190 844 241 431 609 825 114 304 784 102 325 265 63 188 649 348 386 374 994 683 837 880 792 359 38 859 55 420 995 565 944 216 842 937 171 442 492 346 777 476 245 344 698 575 74 219 389 835
406 615 768 1 588 671 265 364 941 649 144 318 354 326 997 342 667 916 299 70 162 854 873 435 770 830 68 180 500 463 191 789 28 665 136 679 947 959 410 507 461 894 745 63 519 774 875 511 983 140 762 621 762 971 244 109 887 375 601 432 595 410 41 690 962 530 918 333 653 400 665 6 108 302 318 411 609 472 716 299 116 168 89 388 232 623 556 807 364 723 399 597 968 750 487 104 215 461 597 213
22 454 85 965 463 332 228 11 603 749 244 484 731 274 837 198 157 212 395 456 672 3 152 485 670 634 319 777 92 580 480 184 847 762 243 919 700 162 647 958 763 351 416 996 717 802 333 918 682 351 782 200 441 633 662 505 274 600 712 886 557 637 938 194 306 44 553 168 329 299 498 307 500 917 277 519 930 43 155 945 384 418 149 685 344 782 982 226 646 758 220 521 803 601 605 678 15 468 374 899
174 309 299 436 622 531 824 81 358 99 714 779 703 829 766 412 810 608 523 525 346 664 853 227 167 158 145 30 168 530 599 906 477 30 568 515 159 161 78 904 894 739 280 793 515 161 727 730 72 427 543 855 208 326 261 845 885 881 895 751 721 804 545 425 616 663 718 148 582 186 196 509 618 42 332 537 915 460 449 646 622 398 624 956 698 952 269 214 797 595 534 976 529 229 234 653 815 547 13 221
121 144 680 817 873 71 639 349 500 290 718 646 555 436 711 202 635 971 242 229 959 779 213 643 801 902 736 302 433 250 402 383 971 185 809 188 402 77 87 583 430 772 25 356 447 152 512 992 545 200 823 42 997 261 665 672 545 196 352 846 737 290 626 940 287 571 625 381 393 256 696 355 134 270 472 553 104 775 102 558 285 685 523 238 959 113 231 183 326 969 437 758 674 794 177 102 888 744 264 239
292 78 479 984 722 410 189 918 596 542 755 569 251 286 370 256 608 680 58 542 344 591 473 608 196 725 492 852 114 426 15 282 715 837 947 109 754 960 777 589 606 355 230 854 619 514 586 772 659 744 29 917 465 338 467 353 904 575 607 649 370 999 343 996 126 944 597 352 980 119 609 779 224 596 986 928 532 870 138 179 602 31 343 740 187 283 59 215 629 460 866 424 644 796 57 173 175 873 848 63
538 450 190 642 783 621 797 370 976 878 239 69 624 405 503 634 946 869 171 412 480 649 315 521 675 335 519 243 902 538 991 23 694 472 319 53 347 458 192 569 188 892 745 112 634 174 393 800 780 137 907 451 848 537 455 358 562 963 900 866 945 555 829 892 176 27 207 872 924 222 740 520 798 878 820 167 283 954 819 7 496 380 653 24 118 845 258 535 906 892 221 944 165 430 670 110 743 716 226 252
967 670 743 68 688 784 296 902 980 169 958 482 692 875 776 678 181 279 829 185 480 602 173 18 796 573 295 155 857 719 143 466 800 111 373 701 39 780 171 308 845 446 57 164 279 144 15 674 677 265 246 42 555 668 544 539 459 263 312 903 206 886 949 896 131 118 883 626 647 581 455 238 107 206 922 780 495 185 532 878 728 354 680 856 550 3 129 844 519 90 400 953 770 9 143 44 587 2 47 389
347 412 148 255 159 893 576 945 76 284 895 907 632 837 555 602 820 937 576 85 653 416 665 217 336 601 368 258 993 598 689 104 283 940 12 967 742 701 74 597 364 469 715 428 227 702 324 844 6 804 464 495 361 890 791 177 357 568 667 458 68 743 409 634 508 76 546 72 609 781 33 114 524 853 801 492 651 353 0 94 640 445 59 781 358 776 355 312 968 87 784 427 744 872 646 644 388 341 764 120
163 34 762 675 652 572 70 117 671 584 994 838 651 856 368 780 138 581 618 660 472 283 579 76 187 495 856 422 158 124 610 133 341 806 60 149 1 590 134 435 446 879 680 535 5 970 412 370 404 402 23 837 108 298 447 383 252 634 993 209 492 877 544 132 912 351 669 830 699 771 530 188 162 104 673 663 895 17 56 492 2 427 2 215 487 773 565 711 404 218 92 805 534 488 664 34 841 664 378 949
884 226 614 540 768 871 378 920 572 562 979 426 877 599 856 680 390 504 831 453 782 622 465 340 927 970 425 821 32 310 649 507 340 622 243 446 747 554 997 867 825 173 93 611 954 641 403 714 123 413 325 628 441 11 187 766 985 647 609 111 516 366 247 699 977 530 551 176 70 13 355 464 616 427 98 674 814 602 38 415 529 18 364 422 13 35 27 457 620 413 103 537 848 137 909 630 788 256 710 454
430 76 590 625 72 491 268 955 702 629 79 871 328 513 74 59 575 780 911 776 672 782 738 919 135 45 883 221 689 658 583 896 821 373 787 911 448 984 353 555 215 868 502 95 989 781 909 204 249 835 844 275 612 109 785 613 290 627 525 517 245 359 62 232 205 164 313 619 19 396 1 355 237 888 90 379 505 953 113 95 552 977 346 934 154 574 790 664 185 547 325 912 75 707 5 607 523 311 632 782
185 453 86 605 483 530 534 383 838 494 190 361 901 518 389 604 900 299 382 160 977 844 502 509 475 129 736 618 445 894 121 170 856 532 384 264 71 374 876 457 893 661 202 488 114 578 369 438 659 16 552 25 135 981 425 500 368 6 18 450 576 477 561 664 119 450 499 218 817 76 69 29 423 166 325 258 557 651 969 522 450 512 534 852 493 652 361 900 325 952 715 460 216 159 819 791 720 157 994 748
416 353 748 666 211 267 801 936 595 844 55 478 336 289 712 88 103 478 916 163 384 408 616 679 402 729 795 121 157 665 407 208 591 113 916 921 801 749 875 90 469 907 444 51 42 811 90 593 751 387 203 323 360 576 15 837 895 216 785 953 159 368 265 569 366 132 654 441 984 743 189 23 434 674 668 371 148 653 662 717 892 667 142 556 715 390 913 97 797 489 443 340 797 768 978 646 27 336 214 692
959 923 728 79 709 990 313 598 863 673 146 841 173 396 45 585 381 430 70 11 616 95 204 518 975 150 505 863 209 317 671 419 737 834 822 820 641 623 579 431 66 463 648 387 96 718 675 511 641 8 648 41 215 585 459 665 340 170 795 15 999 906 138 124 749 721 584 813 155 459 484 935 944 758 777 45 89 403 66 484 171 182 455 257 928 658 692 139 194 514 988 852 227 245 572 191 298 36 967 716
45 452 270 139 573 325 407 900 654 384 152 634 282 76 61 208 624 188 559 280 879 408 712 948 241 387 831 822 828 712 832 684 156 579 185 738 680 569 172 945 940 276 104 708 96 287 938 900 447 593 914 230 39 733 848 858 745 643 143 46 569 144 14 58 681 881 246 623 796 723 289 893 317 515 902 147 716 157 989 860 286 706 644 331 343 330 529 815 523 90 803 412 55 868 128 909 134 409 218 354
823 99 909 194 726 839 842 850 150 345 688 815 218 208 625 911 505 436 380 804 646 196 501 200 334 754 691 302 132 319 193 123 192 793 135 453 652 66 713 906 632 283 501 224 271 128 152 688 997 806 285 289 754 212 720 286 813 663 705 615 986 912 889 800 552 333 970 679 823 873 811 281 390 684 757 778 232 953 126 546 642 111 457 546 208 101 666 832 668 601 971 676 312 308 684 289 780 972 804 305
681 432 152 633 699 735 188 31 106 412 790 481 198 255 994 649 442 349 620 711 50 507 109 172 998 589 675 74 983 352 612 220 868 83 901 744 82 64 227 784 544 995 381 862 759 9 396 110 701 549 673 774 664 588 129 38 763 486 583 963 65 166 529 14 44 392 424 769 358 970 387 985 632 14 889 997 272 483 824 785 37 444 958 654 371 601 161 382 438 50 708 251 739 109 737 201 286 423 760 841
557 790 645 464 640 856 398 498 166 892 441 183 47 781 418 39 55 645 794 86 2 650 393 533 648 645 610 887 853 647 99 465 211 573 692 714 803 422 573 501 862 41 760 128 48 29 583 665 820 667 644 38 889 99 823 335 326 202 57 374 407 494 688 953 991 432 345 450 349 711 576 525 237 563 401 264 551 686 4 378 689 369 466 529 990 700 377 687 558 376 517 446 182 298 975 945 583 786 560 686
395 47 961 304 363 751 791 325 238 272 279 313 719 802 30 346 229 553 674 586 183 840 718 207 411 994 235 386 446 207 452 118 108 641 915 667 740 911 78 539 37 854 897 716 245 414 797 500 489 512 245 464 829 61 190 855 762 695 725 850 572 656 121 360 114 794 279 308 552 859 439 50 931 34 156 313 494 783 401 430 341 672 211 866 611 753 529 214 644 172 584 244 541 987 292 613 945 511 111 703
659 55 235 916 711 54 653 644 272 62 153 213 101 257 232 84 840 520 8 671 538 16 848 867 933 771 122 965 94 852 470 573 855 328 644 542 641 208 688 386 20 711 967 521 35 706 959 597 971 730 687 74 231 731 941 910 565 724 101 109 470 268 863 141 312 626 434 304 704 55 784 244 189 70 981 205 832 708 384 828 388 619 636 261 22 177 25 888 755 786 157 227 681 473 330 637 139 699 674 803
733 156 939 281 643 201 119 981 799 841 61 952 313 635 223 784 375 236 199 473 356 682 730 148 560 966 344 83 438 194 864 312 148 216 507 530 299 129 761 281 363 557 740 263 701 156 480 137 980 951 989 550 87 811 98 699 826 654 541 740 697 873 407 257 34 308 564 628 731 299 50 789 612 398 202 327 428 655 125 77 179 489 358 846 482 253 172 336 34 69 938 496 953 943 644 368 103 895 840 249
707 228 183 695 673 592 614 10 11 313 137 422 498 545 175 804 2 949 576 75 107 134 549 96 500 721 149 280 463 975 607 352 436 571 494 396 200 273 904 855 948 663 275 19 479 589 170 338 540 503 573 113 167 913 924 305 543 724 158 108 183 114 387 503 564 20 84 556 924 219 544 144 654 24 332 510 400 198 357 577 212 552 105 54 783 826 33 488 51 506 680 384 39 103 937 896 348 864 45 975
97 902 389 739 909 199 891 926 84 843 959 265 392 56 960 452 390 479 794 620 715 879 542 818 321 761 745 64 484 642 70 418 635 273 597 552 778 982 257 878 85 883 113 446 334 906 187 632 250 352 915 744 422 667 473 950 919 727 969 688 164 781 522 762 90 799 627 34 400 716 532 204 50 210 855 742 213 799 9 307 958 647 987 880 269 877 955 690 214 8 627 574 74 281 84 8 656 178 44 169
482 117 994 483 271 710 251 527 560 908 149 471 874 125 600 699 153 468 643 751 967 290 895 224 142 303 838 683 472 974 321 48 969 869 895 569 686 791 271 225 498 390 36 221 549 911 271 661 157 968 882 26 264 324 820 211 377 224 515 333 809 596 557 882 965 747 857 88 770 847 999 718 683 448 347 221 457 989 270 190 320 502 392 593 791 932 672 109 316 890 20 453 40 898 291 189 57 799 569 799
19 946 236 607 137 104 30 16 763 339 120 37 74 242 596 405 42 810 177 629 55 461 504 372 209 190 537 718 399 721 813 517 630 998 477 39 475 342 877 835 551 923 316 540 651 447 160 172 235 715 634 876 654 30 50 270 815 663 662 566 911 140 88 980 118 222 741 272 467 826 940 111 581 192 724 640 959 342 191 110 21 921 694 526 750 175 943 50 947 992 139 749 149 612 717 254 647 145 835 903
545 947 743 511 420 456 872 124 538 10 856 216 102 625 560 960 240 92 136 849 686 999 695 826 641 407 521 413 959 434 75 856 7 258 90 288 189 865 95 588 535 116 330 406 823 644 186 807 888 640 692 496 202 208 236 830 273 188 575 14 494 956 40 205 463 640 976 718 445 249 330 499 894 949 920 879 547 395 121 985 16 490 814 388 106 5 115 834 601 178 757 741 874 240 778 806 46 802 558 311
342 608 838 283 100 77 860 40 247 754 308 462 596 981 600 540 807 399 226 538 4 128 369 27 900 573 971 376 583 943 551 94 490 736 72 449 537 211 617 743 467 914 784 12 589 299 228 658 685 805 313 130 97 683 879 736 434 235 689 136 170 653 692 739 603 423 192 534 490 228 904 976 670 871 97 856 686 790 490 924 971 331 759 859 955 190 11 487 347 329 941 499 903 251 632 395 571 723 367 345
818 64 767 459 711 71 765 482 634 259 522 40 764 592 221 999 180 152 832 708 475 73 732 246 738 263 653 114 80 540 54 377 871 767 626 445 644 156 297 539 528 432 622 166 241 239 644 974 972 444 486 345 275 510 0 664 42 409 201 960 372 233 173 689 608 183 70 872 723 444 389 559 11 768 195 518 68 130 6 389 635 694 618 167 665 262 800 150 37 38 384 767 109 968 993 701 567 842 547 296
153 370 524 498 388 62 205 719 368 872 257 348 690 472 732 516 276 822 338 166 435 707 874 476 962 757 933 725 931 982 541 887 355 371 521 722 202 742 839 246 554 816 108 164 486 848 98 164 277 397 306 850 776 183 320 605 85 784 11 863 272 175 582 292 931 534 44 421 324 893 419 757 854 364 695 180 400 720 416 693 639 585 692 156 3 608 781 797 88 288 603 882 146 493 276 517 472 48 147 98
929 341 46 82 675 445 575 288 680 95 860 712 892 986 165 515 283 770 398 660 321 917 738 868 435 686 297 542 520 199 99 896 750 168 295 596 651 949 407 215 450 688 474 140 681 687 890 849 381 614 48 776 834 119 214 626 781 816 551 280 864 804 53 344 225 593 184 621 733 538 469 269 111 936 762 1 210 94 159 800 794 372 310 412 214 409 518 151 542 709 407 789 676 694 848 786 259 706 565 888
720 763 923 897 3 436 265 294 715 448 750 896 208 482 785 746 201 808 347 250 72 181 957 219 673 324 807 831 790 751 82 385 600 459 336 292 358 103 900 188 955 570 687 860 892 692 916 466 835 594 117 807 346 97 307 205 788 600 564 0 904 802 895 737 882 9 924 539 152 819 24 681 213 241 697 597 333 316 208 227 863 783 480 6 709 243 149 50 376 678 401 247 296 320 992 472 16 762 651 644
491 915 776 306 928 317 826 977 93 817 359 251 935 298 474 850 126 524 799 681 929 329 372 971 89 11 607 707 15 278 57 7 995 820 842 746 307 609 115 92 435 765 733 839 656 543 308 99 383 755 513 543 373 911 677 805 449 477 756 113 191 746 487 343 138 655 658 491 878 372 238 330 851 729 316 956 112 551 492 432 875 446 613 394 244 437 743 529 574 304 156 619 477 612 999 395 932 833 196 265
546 512 226 185 780 296 765 181 943 195 68 356 537 510 190 927 194 312 402 47 288 417 686 965 553 712 947 678 184 928 302 539 468 631 161 517 801 45 878 241 676 651 49 337 155 640 601 149 232 865 777 91 222 353 969 909 899 225 569 692 978 330 940 7 26 654 648 883 80 550 360 388 380 223 570 642 443 432 495 144 424 524 688 677 680 69 478 167 371 589 58 26 79 798 24 288 893 561 679 581
279 225 767 280 596 891 23 521 244 209 211 601 618 578 844 741 689 795 896 661 152 173 257 470 152 518 62 752 90 300 172 747 505 387 136 848 660 225 692 810 954 323 121 14 789 600 241 891 79 313 891 90 496 123 87 752 948 856 324 951 591 184 246 592 516 5 474 917 876 638 278 315 571 42 730 206 24 949 520 566 299 733 978 950 543 152 987 144 670 74 343 117 487 154 723 920 850 444 250 69
935 788 703 735 52 567 939 359 651 727 423 836 458 99 800 988 306 499 604 43 585 61 245 203 530 13 419 775 532 857 340 840 593 28 877 881 576 226 789 578 771 453 575 229 814 459 778 250 574 10 26 80 354 662 408 730 924 174 385 224 70 246 135 86 137 958 741 197 107 895 606 713 458 94 621 483 667 526 803 962 40 738 102 33 388 807 893 881 298 649 990 930 930 497 862 470 345 953 122 470
250 614 384 904 887 368 737 710 406 754 385 183 318 323 136 243 471 20 673 482 558 124 890 511 993 686 118 569 814 150 546 93 806 483 774 910 569 80 368 491 337 781 993 511 234 276 751 568 952 851 326 700 206 288 634 298 646 752 131 328 414 229 947 128 298 189 784 596 33 311 309 359 687 549 21 604 263 151 185 92 323 208 389 155 768 123 923 624 209 780 315 668 163 995 975 350 332 996 951 729
328 707 452 672 65 603 61 954 627 379 695 805 925 516 874 158 75 502 540 10 593 281 834 835 962 543 864 6 429 769 880 100 335 151 657 329 52 855 736 569 316 357 374 386 743 65 320 867 116 39 16 920 344 341 431 757 171 354 570 933 137 101 545 430 510 243 52 752 584 874 603 668 941 196 283 573 501 371 239 170 436 688 925 184 254 411 545 587 989 507 9 217 590 91 230 247 580 931 237 508
668 163 281 914 379 365 904 239 655 732 456 933 206 755 595 335 729 357 644 884 140 366 730 618 639 181 951 68 911 807 69 104 626 33 59 867 133 795 46 311 144 892 136 871 557 320 147 923 924 479 310 487 762 493 910 705 416 418 447 49 302 351 955 871 465 258 361 85 333 676 148 93 603 989 923 85 924 943 736 5 42 15 895 214 33 676 724 469 853 816 336 582 470 981 78 220 201 982 971 353
766 881 772 701 811 23 106 30 847 261 25 629 84 509 946 132 45 94 398 902 609 607 370 344 988 745 880 639 611 568 106 788 246 418 968 80 495 875 376 684 252 725 631 77 237 586 247 183 574 165 341 229 992 627 694 296 773 506 96 557 591 738 836 100 880 864 947 620 704 557 870 507 956 459 795 397 274 401 235 756 293 771 989 805 402 822 144 395 844 203 659 147 307 180 249 86 184 866 175 40
618 608 278 692 853 929 865 189 841 75 871 482 119 633 933 463 910 313 639 453 660 807 786 573 718 314 670 395 355 53 35 903 962 440 928 202 732 663 976 667 321 432 880 728 744 484 974 132 324 114 80 436 514 479 807 159 377 15 795 361 380 224 332 645 710 802 7 734 980 763 717 514 206 186 878 351 924 937 346 636 193 96 585 254 282 384 999 311 628 166 552 468 339 613 265 229 282 836 854 792
884 93 243 711 531 103 476 157 166 912 734 188 723 138 208 993 18 554 164 254 170 683 211 787 631 607 253 714 259 35 494 621 206 91 782 899 113 577 181 414 850 967 794 56 390 250 670 518 372 668 191 77 859 212 748 755 297 299 997 55 4 395 712 615 695 598 879 481 849 272 891 110 744 287 223 536 981 174 965 259 920 963 692 662 895 215 1 5 418 267 987 623 850 44 830 764 861 125 28 895
4 602 834 745 982 906 243 287 285 440 722 827 656 552 559 889 401 724 864 261 318 943 198 899 76 38 843 191 882 969 286 543 679 390 71 4 846 947 398 597 125 296 493 333 271 247 792 981 409 993 363 453 847 364 708 75 965 536 720 937 818 100 357 305 692 311 116 426 933 433 14 373 570 991 507 85 669 589 350 805 785 604 624 908 99 889 676 546 313 56 56 230 698 415 538 890 87 622 720 310
658 67 486 927 777 270 784 152 618 99 99 535 957 219 67 716 368 618 824 36 729 696 912 758 513 606 609 790 559 308 945 185 534 267 111 547 130 995 439 319 491 724 970 518 587 384 964 934 126 121 981 978 395 229 300 86 557 469 569 820 125 766 721 252 159 864 606 657 488 265 165 977 462 16 982 158 85 719 314 527 955 305 202 632 179 791 108 855 299 701 198 484 648 640 494 135 143 518 404 629
444 498 358 411 903 283 202 251 531 535 385 547 152 760 262 750 885 858 882 415 76 202 961 358 278 925 520 535 11 727 278 85 350 69 324 7 443 121 306 565 949 989 539 250 155 746 702 142 952 691 521 157 972 981 979 394 529 332 856 798 217 237 465 394 439 234 188 673 286 526 511 309 604 955 472 442 422 471 4 370 121 131 79 392 518 502 662 436 743 354 12 14 809 2 753 638 124 230 9 477
21 698 270 76 53 380 26 920 521 285 978 713 544 966 795 937 492 452 772 495 210 706 465 349 627 502 13 866 224 246 339 107 625 489 261 959 875 57 895 947 982 918 453 34 919 402 342 637 161 543 686 994 641 554 609 944 849 956 74 709 115 642 710 584 448 919 725 677 307 403 256 897 361 332 270 821 549 138 273 918 699 882 841 11 946 900 80 485 507 713 24 262 221 534 949 48 195 454 623 218
471 931 505 289 153 553 675 838 298 633 29 923 976 375 607 707 277 452 586 892 304 597 973 713 921 150 290 178 732 853 426 294 228 51 459 331 774 3 870 52 863 677 215 830 566 753 932 870 788 466 931 42 763 503 119 341 123 628 693 603 511 41 714 976 328 308 645 23 973 353 908 63 447 310 876 62 426 851 887 388 751 775 208 528 156 188 389 311 786 81 625 713 226 292 320 464 674 503 281 561
139 95 690 420 746 853 858 302 485 54 314 195 676 391 516 395 585 449 223 576 91 716 803 420 918 407 573 271 954 622 384 299 514 829 632 491 838 214 32 856 992 538 77 146 716 556 326 821 352 90 512 340 727 766 655 339 33 519 816 199 832 242 935 162 970 425 53 636 667 496 698 848 427 319 990 272 715 98 807 311 785 995 259 108 889 684 421 225 546 876 627 510 161 415 808 172 631 814 374 718
705 668 176 974 500 65 496 196 803 540 372 214 554 644 232 361 23 557 922 706 128 509 694 54 338 800 464 535 871 168 574 168 196 559 34 607 45 189 595 169 843 361 260 695 892 887 527 270 264 876 135 347 97 713 437 961 333 712 66 827 676 663 831 732 627 800 514 372 306 77 195 990 619 792 505 438 834 983 626 740 614 559 8 264 77 768 772 451 678 815 658 748 238 740 993 105 374 628 279 246
569 577 352 404 775 889 940 398 878 979 398 316 196 843 343 772 744 663 339 836 906 630 975 468 570 30 710 870 248 327 931 958 15 599 363 167 645 955 943 249 410 889 438 305 230 440 262 982 510 379 908 73 232 68 145 487 289 827 268 305 826 551 573 673 40 932 250 0 66 297 344 430 778 520 34 254 113 30 610 970 114 784 392 346 312 547 723 617 340 598 708 561 327 900 977 940 966 439 12 731
41 155 578 485 256 786 156 746 213 772 129 926 298 507 136 745 460 92 231 111 841 459 602 366 138 442 370 675 104 376 437 874 727 158 294 743 758 844 905 613 888 450 562 287 224 125 352 242 173 7 699 229 329 219 416 140 896 163 805 785 8 55 795 243 408 804 57 993 159 447 621 545 67 438 16 735 975 711 418 397 944 814 32 564 571 400 648 677 91 799 923 99 456 606 388 693 261 567 38 710
804 309 5 478 561 221 298 637 37 925 114 246 308 499 942 525 567 418 674 277 690 404 117 487 494 220 804 743 100 388 399 514 607 254 802 453 966 307 799 300 471 679 767 862 768 864 461 146 796 91 495 176 334 801 865 34 131 841 329 69 528 9 615 696 560 868 409 818 432 258 515 111 647 267 114 244 396 916 381 327 894 224 737 218 334 39 922 998 146 247 583 166 151 40 571 108 215 160 102 12
479 779 791 286 120 713 495 799 851 812 668 726 960 345 657 221 272 526 685 937 748 587 98 644 274 62 407 983 273 642 85 37 705 865 78 24 122 520 398 790 782 248 929 580 2 173 463 407 735 837 964 985 24 615 136 946 531 713 967 199 196 57 222 797 696 958 894 522 962 9 466 315 644 387 717 622 376 554 810 488 504 930 284 362 989 112 597 7 502 678 808 107 476 888 390 501 135 236 458 584
399 913 406 660 344 164 520 544 90 87 202 611 771 461 345 399 213 503 339 712 957 529 705 355 987 475 236 467 126 81 532 478 990 365 177 231 54 394 662 704 452 102 462 775 683 248 706 629 36 981 132 396 851 951 957 429 838 538 827 880 674 370 970 696 888 874 181 33 143 337 68 403 701 518 991 863 333 57 964 796 846 878 57 80 400 954 418 942 547 410 684 542 793 804 741 584 978 32 337 249
245 452 145 674 751 725 882 472 413 543 481 429 103 357 569 99 155 638 438 971 839 680 318 800 740 448 317 617 430 365 303 946 618 885 685 693 560 285 67 289 964 879 539 934 676 716 651 141 456 573 39 83 895 634 878 259 871 143 638 608 576 961 18 887 766 62 728 209 736 619 306 169 775 989 915 531 645 350 153 545 75 253 774 91 496 256 592 295 14 583 339 899 514 373 405 138 311 470 678 452
711 758 162 65 344 79 236 238 143 228 844 457 396 237 845 144 254 479 861 217 688 997 553 242 544 888 35 701 509 581 438 143 360 965 733 725 967 840 687 512 286 818 741 914 787 327 457 513 924 112 66 21 452 273 154 416 515 271 446 171 70 19 430 620 333 798 258 680 910 322 257 762 68 854 591 640 278 398 489 465 541 663 332 872 855 499 267 872 946 233 560 421 215 24 955 348 980 964 877 38
212 390 614 768 106 625 575 31 421 293 429 76 156 206 25 913 849 688 186 543 635 701 10 125 549 813 160 39 838 245 973 509 11 570 812 342 172 981 241 278 525 136 640 922 738 273 43 29 824 275 926 491 578 797 226 42 933 894 682 148 299 847 442 154 75 59 36 55 663 617 75 394 694 886 943 73 519 49 493 480 489 407 277 289 266 2 81 28 475 704 354 271 271 504 871 745 108 259 965 120
762 552 587 639 509 105 979 587 218 721 158 163 152 659 189 670 742 869 13 500 318 391 24 441 864 118 910 325 113 200 22 845 401 63 60 632 673 108 914 122 184 231 533 75 253 711 16 194 300 685 217 726 796 588 880 888 605 859 984 288 79 899 147 528 113 357 958 553 658 402 987 898 109 377 344 291 751 122 46 784 935 621 70 527 823 607 121 855 245 749 4 746 983 20 100 622 243 512 668 357
910 506 615 470 453 283 212 312 201 556 950 493 494 439 641 593 536 508 871 817 24 852 424 861 764 33 718 288 503 226 305 351 950 381 848 219 61 755 382 225 107 374 922 524 305 936 172 530 942 828 313 873 697 535 261 14 457 995 57 237 505 534 418 646 508 782 720 822 697 824 430 902 780 451 434 412 849 968 699 394 974 961 763 269 279 359 747 834 23 579 945 826 637 227 242 316 482 388 680 189
546 369 805 301 14 456 257 777 95 66 614 988 419 694 580 681 892 903 683 436 693 413 374 717 961 122 154 331 577 907 994 664 365 984 196 258 315 547 806 818 969 138 158 330 69 952 279 799 95 678 5 67 315 18 160 384 671 847 905 800 432 538 632 553 233 223 394 678 580 374 728 644 297 48 16 627 687 914 518 67 127 691 329 878 325 592 701 784 33 413 512 171 689 844 21 82 394 290 84 918
550 198 168 693 216 279 73 791 6 5 784 752 569 72 728 396 985 646 587 613 887 328 771 240 349 509 353 757 195 563 130 12 753 660 251 785 581 525 822 516 661 32 761 236 917 802 996 234 485 589 739 511 286 198 539 146 769 105 817 74 362 947 200 714 854 464 144 156 446 896 495 279 797 471 414 760 917 296 517 251 121 639 414 387 352 890 740 935 718 281 50 26 177 989 37 788 759 555 270 191
100 85
333 506 190 391 375 705 233 326 486 524 759 317 824 883 311 750 926 977 725 136 402 346 514 943 845 551 305 216 846 896 722 79 326 32 477 861 381 335 129 171 771 456 498 617 546 862 236 559 107 121 45 193 205 959 95 604 368 505 163 195 940 781 461 565 882 742 627 538 740 731 444 916 929 489 513 423 523 484 648 930 362 78 745 501 724
992 495 3 735 416 174 365 651 891 246 277 76 329 135 506 857 725 812 408 285 151 911 558 211 61 923 945 970 673 52 41 956 564 731 924 592 805 668 5 879 436 380 975 659 125 84 634 507 126 601 267 846 397 930 103 226 977 652 356 683 664 404 665 262 444 68 312 288 750 732 645 547 518 749 550 922 607 546 694 827 163 191 209 940 842
560 157 242 466 569 788 454 845 179 432 154 180 311 337 534 398 342 789 771 609 494 396 931 489 54 95 221 149 422 128 643 702 457 616 401 308 483 598 64 599 110 278 258 686 179 668 178 594 977 901 619 669 494 555 38 18 569 608 215 641 488 942 945 523 842 615 596 929 819 600 510 674 688 676 298 222 261 767 545 983 7 285 219 197 808
716 452 617 6 876 886 462 249 255 448 320 834 224 103 923 258 509 86 131 700 843 917 938 715 144 218 174 725 293 533 972 990 336 403 917 633 152 460 206 454 240 485 509 380 293 451 518 894 872 270 393 7 566 12 425 125 956 984 504 501 239 158 327 911 450 862 509 371 995 111 302 713 149 570 475 627 72 47 788 822 96 607 468 321 776
102 552 483 35 529 27 624 708 817 470 535 132 788 760 818 522 796 694 360 263 214 661 889 278 633 680 654 291 131 550 281 29 489 379 232 828 927 63 223 360 688 134 523 631 10 509 298 370 990 208 757 42 655 89 787 907 140 376 826 216 780 11 860 986 263 3 241 147 342 29 960 201 517 690 277 720 407 269 945 790 276 508 94 511 985
775 899 345 39 880 174 330 255 995 259 679 342 348 371 889 344 843 588 170 342 634 809 594 707 76 814 360 201 901 555 572 161 89 338 890 936 692 585 292 197 451 545 265 94 776 651 809 673 865 476 664 75 959 32 922 725 18 860 851 974 153 23 420 507 809 180 364 734 185 752 214 396 813 859 153 528 14 930 320 225 441 418 71 632 436
350 192 574 131 492 424 100 395 159 841 925 287 64 947 135 563 161 463 314 29 496 386 474 974 102 404 793 214 918 419 94 731 951 446 396 32 86 167 766 142 504 458 762 770 991 918 234 463 49 402 848 513 806 322 502 437 677 785 851 464 31 377 286 318 755 124 336 58 709 616 399 650 750 216 512 148 162 579 98 628 157 93 98 391 946
917 808 567 765 596 116 270 850 330 34 494 1 617 171 887 222 900 250 185 254 595 616 166 823 251 991 654 462 344 364 976 187 683 474 976 296 2 51 849 978 861 463 536 629 70 474 714 222 315 977 746 591 918 16 489 539 480 50 527 727 111 923 679 396 156 136 122 295 337 121 10 838 625 587 599 750 296 634 809 432 210 811 737 700 122
373 40 30 612 20 570 604 600 164 479 813 216 853 811 656 736 374 497 74 258 291 439 576 422 239 958 312 996 591 616 580 997 388 240 897 323 762 624 496 278 856 851 584 296 684 397 872 657 441 235 45 402 539 607 759 441 632 874 207 73 284 383 768 393 57 139 910 72 178 989 547 427 137 31 817 556 793 640 864 941 807 280 999 36 664
52 318 169 154 889 481 243 393 979 167 306 448 174 667 519 843 997 514 408 951 291 460 88 89 226 814 736 237 84 591 872 249 254 69 217 342 273 372 515 564 718 395 566 916 458 743 116 572 218 737 838 926 172 5 306 360 675 844 488 707 423 272 881 881 777 467 464 114 756 238 99 244 230 225 216 49 655 737 122 669 141 551 762 79 150
292 461 256 206 183 532 489 872 28 208 504 766 429 177 384 11 241 835 804 999 686 470 588 2 357 924 930 694 391 45 971 729 396 577 119 970 621 391 356 46 566 101 469 770 706 111 485 93 662 886 971 20 110 489 192 884 502 836 504 350 730 404 152 308 990 69 463 465 319 538 423 429 600 38 154 762 586 985 236 185 832 429 760 87 524
68 335 857 970 760 323 354 410 64 760 329 228 905 954 554 260 213 251 798 144 814 240 389 202 728 696 929 896 771 738 590 945 116 793 896 697 394 978 155 749 383 712 846 923 931 826 52 527 143 660 920 669 603 287 604 685 744 504 717 84 647 431 961 105 334 697 394 554 459 341 616 676 188 900 458 531 342 79 903 899 390 790 442 829 259
105 988 758 178 142 680 775 9 772 819 317 428 756 868 309 778 234 440 894 576 432 631 95 670 162 500 160 624 207 75 498 999 967 800 335 107 245 215 771 850 246 776 506 409 68 471 64 936 724 753 97 266 908 916 939 707 53 73 23 84 389 517 123 280 772 446 996 618 600 104 273 598 949 225 456 440 415 882 876 130 420 374 419 486 715
371 491 128 190 306 310 3 463 602 631 602 887 56 844 107 539 244 281 134 858 603 653 608 45 554 525 31 515 493 914 784 888 784 846 601 505 225 64 589 624 189 972 865 132 681 967 965 748 477 195 715 178 877 520 124 545 30 669 803 128 237 413 540 331 214 906 329 428 809 825 420 854 720 11 147 460 615 359 0 186 651 684 266 759 407
338 616 380 226 737 858 484 665 607 998 623 471 513 804 887 191 495 18 594 795 920 844 685 904 153 413 341 678 455 936 652 356 12 444 696 822 272 97 739 743 459 388 507 696 64 738 802 937 554 39 273 88 183 225 564 588 443 960 405 119 401 56 857 357 695 247 926 178 683 334 958 82 710 117 988 401 725 388 283 415 819 900 71 601 813
489 839 480 478 354 278 203 510 196 805 218 316 123 71 427 368 161 648 815 335 516 801 152 716 40 365 832 673 416 244 875 696 862 360 744 677 337 964 171 804 100 827 287 506 624 101 81 871 203 346 267 935 111 445 503 128 165 586 782 577 118 783 647 545 105 855 657 602 557 117 269 406 304 164 579 3 821 896 266 741 599 957 185 690 854
873 650 217 133 583 889 289 142 450 962 907 530 137 621 368 225 362 14 581 91 949 586 733 746 208 993 536 853 403 905 739 399 725 69 533 384 411 651 835 639 499 789 112 176 613 133 347 984 143 669 290 847 673 133 903 773 393 93 890 417 49 743 858 430 755 974 523 768 476 124 197 706 412 321 332 227 314 327 514 378 859 457 37 335 497
953 9 753 13 351 402 140 450 760 425 741 637 805 926 839 227 947 511 395 97 993 597 371 781 237 964 544 629 136 383 687 706 874 105 436 534 187 613 119 111 585 146 86 5 391 480 558 453 703 718 604 709 34 97 975 795 362 985 400 181 671 174 17 141 296 751 25 718 220 288 879 70 407 658 63 851 187 667 65 572 992 735 979 252 442
747 423 958 456 640 541 593 890 162 573 680 602 375 493 235 188 774 166 280 741 889 713 859 197 567 902 314 319 298 287 305 617 86 928 787 705 583 259 549 699 176 233 133 627 694 254 412 734 63 749 606 967 415 991 966 156 344 369 34 907 25 34 605 457 607 606 736 5 168 846 723 442 315 862 34 827 69 961 409 962 752 556 208 115 819
972 967 663 26 175 735 427 290 282 425 38 776 829 676 953 969 614 980 159 781 261 874 235 617 481 857 537 2 638 169 786 304 684 694 132 918 800 64 868 971 165 909 232 938 866 994 600 622 291 770 898 555 810 574 13 622 649 430 358 833 94 992 339 81 535 444 399 618 424 254 566 562 861 422 762 642 270 462 329 297 374 182 375 143 874
671 202 737 914 110 911 949 911 645 403 112 186 326 594 625 889 672 610 699 605 176 832 553 859 8 130 770 46 633 783 981 492 663 502 363 533 467 159 732 606 34 394 403 262 845 161 47 981 96 146 864 140 265 684 358 149 118 767 415 445 406 382 519 629 403 325 905 398 384 939 545 334 974 467 423 134 626 138 557 997 338 604 812 566 759
814 925 826 802 942 635 36 242 122 391 449 198 543 461 256 167 370 907 454 251 11 674 121 13 270 992 37 360 827 117 986 397 482 962 553 380 24 569 792 646 821 629 654 831 536 303 811 885 906 803 762 935 732 762 916 363 620 353 811 253 481 572 470 439 527 779 616 355 696 307 624 793 265 886 22 950 250 29 561 748 197 684 553 928 103
972 312 254 562 679 272 2 74 67 443 18 742 4 884 262 76 916 204 969 190 395 850 653 701 258 931 981 938 103 467 588 153 255 565 759 37 415 753 397 535 376 121 212 518 547 821 941 401 513 325 628 520 722 383 957 378 211 314 425 112 437 134 686 101 14 923 121 59 66 143 726 47 583 922 574 910 383 527 212 482 330 656 943 590 732
354 225 731 816 30 197 117 226 470 270 98 118 728 742 274 719 423 292 381 480 923 858 583 872 739 765 213 500 431 929 791 664 256 53 54 51 29 998 307 808 572 287 582 373 452 966 367 165 146 38 491 260 755 45 833 173 769 414 508 978 624 865 85 576 44 707 757 512 159 379 485 489 157 778 862 302 644 656 553 605 510 341 714 74 438
346 992 406 286 426 35 698 836 707 303 504 930 102 113 382 702 246 606 528 686 186 212 778 907 943 657 767 110 978 822 266 119 888 416 192 659 174 196 312 42 955 747 573 331 840 856 381 968 275 578 532 926 742 488 220 175 538 372 50 31 468 52 482 182 468 486 535 36 958 850 398 745 525 445 485 61 360 714 511 650 190 742 709 176 725
674 539 179 574 669 313 792 290 106 149 331 912 208 922 488 389 169 273 859 972 576 446 557 710 426 538 624 347 779 371 522 785 114 818 644 936 921 457 431 249 430 738 974 197 208 325 602 509 584 937 997 374 375 796 817 953 558 223 864 322 325 619 356 133 885 540 169 843 469 452 9 763 940 0 309 351 912 935 796 261 863 322 798 546 442
118 967 613 967 197 510 71 382 69 674 89 544 920 660 234 561 283 535 393 423 439 599 432 18 147 986 630 551 648 432 144 685 881 990 316 100 800 553 877 380 636 501 656 139 146 590 498 585 324 463 811 148 980 385 326 222 929 62 193 317 848 36 469 56 420 301 65 96 976 140 272 443 0 469 339 670 88 976 17 336 710 454 924 815 40
225 121 104 690 361 168 796 128 77 193 665 984 27 6 942 39 689 185 214 253 226 513 818 530 476 987 356 656 532 754 77 305 752 684 987 788 604 736 618 977 367 653 703 822 714 263 545 172 433 679 310 412 280 399 255 165 441 178 634 472 49 726 310 144 180 805 568 496 154 569 81 504 526 198 996 344 960 216 11 997 503 624 427 675 886
983 220 438 380 274 693 578 453 195 69 408 79 156 602 373 395 874 393 321 641 634 259 538 614 494 448 40 758 471 110 477 941 614 783 345 625 934 555 525 878 284 11 365 553 102 184 40 305 996 772 736 476 706 186 440 375 138 826 373 521 469 63 761 677 227 589 282 473 971 992 8 950 800 769 231 168 937 733 355 159 549 718 181 658 480
461 653 124 329 442 895 253 376 412 140 25 723 922 390 425 47 584 178 592 115 445 599 775 319 325 554 483 389 842 383 90 177 118 311 430 777 987 291 413 247 469 356 434 365 971 995 217 796 571 804 999 112 853 921 787 197 290 135 963 119 716 975 934 957 109 467 67 420 373 165 177 414 399 832 715 758 166 474 953 803 693 599 935 983 988
171 951 892 590 395 937 340 905 98 90 775 902 199 71 803 220 988 377 285 825 533 692 629 274 240 949 615 615 362 574 201 382 916 339 988 862 854 925 491 34 322 826 823 720 315 679 455 898 957 311 980 547 642 307 600 128 730 315 375 83 419 101 788 278 797 127 762 50 33 100 408 360 105 695 866 664 694 107 772 440 571 48 450 192 295
274 282 860 386 829 310 917 587 96 990 205 922 160 181 959 398 791 44 801 246 658 769 318 376 518 105 169 24 349 480 226 464 648 981 114 894 629 934 233 466 968 671 445 620 100 435 500 910 925 262 976 278 867 149 940 618 412 76 275 170 515 938 640 940 208 353 118 235 271 0 615 666 131 809 140 916 531 709 242 668 720 447 369 229 230
541 561 510 520 111 931 662 87 997 886 894 627 255 903 745 276 328 331 759 399 426 543 267 83 992 850 732 763 604 135 29 898 451 963 632 928 301 293 789 164 905 281 544 54 815 451 884 28 571 290 509 198 950 454 504 673 10 410 60 638 891 804 710 946 553 62 643 781 939 158 884 59 85 89 177 874 776 672 35 388 750 313 491 139 196
630 346 695 595 313 626 379 12 600 463 265 811 754 434 251 694 906 751 817 156 171 773 67 803 88 344 397 293 963 762 399 399 218 462 712 649 953 593 578 258 751 795 675 988 39 558 383 643 214 722 102 707 775 699 472 196 53 253 738 466 868 783 968 325 883 342 966 661 156 690 158 675 359 399 155 531 583 849 439 879 740 478 820 552 925
514 647 812 493 550 662 314 942 322 443 33 192 56 948 781 758 725 930 247 106 433 130 79 701 764 853 130 140 734 989 469 902 528 514 369 447 373 721 448 531 612 667 312 782 69 681 183 476 800 80 466 189 136 786 970 46 885 56 751 725 552 525 470 504 230 521 210 619 149 237 167 158 850 78 114 39 97 938 698 447 679 83 517 639 770
628 486 773 898 191 370 611 847 138 616 64 476 183 925 712 979 911 423 48 558 244 493 329 201 890 757 169 278 730 512 267 11 882 469 923 64 385 413 973 647 214 542 322 164 473 88 714 629 941 551 246 603 267 299 922 106 659 757 263 47 122 540 481 805 7 914 450 834 283 707 671 835 338 793 652 879 89 180 113 261 607 150 252 659 587
145 855 849 775 697 477 318 45 446 931 700 984 631 769 5 882 508 989 633 973 481 778 612 497 978 254 534 504 856 626 247 612 259 533 797 516 464 682 231 20 713 210 88 147 348 850 566 245 495 589 450 187 194 563 740 924 243 968 380 878 431 236 750 578 103 255 167 609 401 283 120 472 159 472 688 372 717 968 498 855 388 861 649 542 292
275 243 508 304 475 406 126 747 692 495 271 297 865 596 790 820 377 713 858 120 40 29 619 303 883 650 928 899 476 372 722 708 571 508 358 192 130 314 112 560 251 706 735 120 565 357 159 244 321 992 120 454 984 637 242 997 359 197 122 679 293 347 977 951 172 484 766 907 340 592 750 395 895 178 534 827 809 996 258 122 327 776 570 274 419
567 912 319 910 772 305 290 753 926 857 593 345 520 206 848 541 10 65 200 401 665 673 520 402 883 39 774 767 8 179 624 700 435 127 500 674 159 34 194 54 992 582 607 963 865 91 945 605 832 904 484 874 354 122 331 144 36 921 872 409 160 643 225 608 817 290 291 984 960 703 348 831 409 164 787 4 958 886 777 801 261 381 255 267 515
301 656 956 229 512 888 862 306 680 678 684 556 168 516 817 155 111 29 223 222 557 926 930 875 233 330 972 624 398 308 257 978 265 138 454 357 175 548 572 41 191 81 517 590 892 644 332 496 39 306 215 119 737 240 969 869 391 214 820 268 539 424 838 423 382 928 282 364 423 489 255 117 876 440 156 172 967 860 334 84 868 327 338 361 738
163 303 133 687 737 148 933 502 603 147 325 142 650 175 33 110 290 55 115 9 632 251 113 134 67 838 620 945 185 804 80 945 270 463 201 945 236 503 443 423 295 406 406 737 184 55 372 967 103 654 295 771 926 623 949 49 204 497 227 545 883 466 72 897 755 332 7 608 238 59 776 940 763 893 151 410 544 240 813 92 190 458 325 242 908
965 628 965 247 67 893 996 889 282 182 728 219 179 814 604 993 514 36 638 6 261 8 238 184 542 508 99 67 325 64 45 23 201 974 492 413 888 501 424 614 432 351 563 991 511 113 914 55 576 881 983 229 43 599 24 620 541 932 820 676 150 302 838 410 693 265 699 666 306 778 677 528 972 35 79 466 56 651 461 580 502 847 743 78 386
628 945 363 103 699 334 983 328 987 330 345 668 393 644 170 594 8 518 531 29 575 332 600 443 155 195 963 906 548 803 637 466 810 914 277 529 543 143 517 716 319 900 922 405 408 769 132 760 995 103 161 30 969 975 939 923 41 5 898 677 499 205 697 539 25 884 596 394 739 992 114 828 292 676 97 33 963 966 183 996 700 557 751 139 91
209 420 741 648 954 770 184 371 246 765 118 860 437 143 120 488 242 565 960 628 190 315 639 756 420 361 708 697 275 523 991 171 105 261 302 632 382 513 473 952 315 881 599 629 649 574 197 409 632 564 537 147 915 353 692 467 528 82 155 997 389 421 516 199 7 868 320 659 40 822 883 261 410 336 8 477 922 58 897 696 380 524 122 623 96
436 985 272 30 985 819 787 107 329 144 305 943 402 406 932 454 681 483 40 30 782 310 201 737 350 317 505 649 365 308 17 170 617 35 219 358 419 307 118 336 410 157 941 189 908 403 386 46 270 683 668 481 64 334 606 422 173 484 208 994 186 962 475 27 753 501 89 792 476 730 358 721 595 973 593 357 651 929 409 950 356 715 241 646 263
768 739 546 642 291 882 654 278 696 784 894 268 537 469 293 925 818 635 78 36 148 270 722 413 53 139 246 408 693 288 325 299 861 744 707 964 683 366 467 371 398 855 374 650 917 675 267 374 4 837 763 29 926 467 213 819 961 713 519 615 871 731 512 216 920 32 440 138 585 828 881 797 507 733 2 348 334 813 430 340 127 273 838 681 808
585 336 997 128 734 756 107 718 425 127 435 703 806 435 244 963 428 785 595 606 102 568 530 705 733 57 873 281 29 389 542 885 89 858 448 466 589 264 979 48 733 363 122 89 765 171 136 607 185 890 228 875 581 31 117 434 897 831 999 890 84 482 859 171 264 975 572 187 41 618 792 801 224 39 841 203 812 856 294 381 72 103 316 489 645
733 394 791 328 583 991 106 714 665 587 978 377 788 487 381 316 95 555 601 916 934 109 526 918 702 233 571 155 770 400 592 454 43 138 927 177 889 136 587 379 694 327 504 707 588 988 208 917 990 523 643 974 950 956 859 61 96 866 874 80 264 325 135 465 561 45 947 831 82 610 614 392 630 224 93 562 910 9 948 742 870 303 54 39 283
375 961 521 985 653 754 484 506 500 88 506 138 452 404 549 130 964 919 253 26 673 334 561 575 742 35 3 13 612 430 172 588 246 165 752 471 777 253 366 471 93 729 509 420 459 644 787 581 748 775 849 868 158 58 968 436 59 417 704 627 761 134 177 917 830 215 259 721 718 777 555 676 39 938 897 198 570 731 474 437 318 610 569 473 642
241 414 69 307 140 450 295 538 983 290 62 541 472 596 793 611 4 911 668 49 928 545 190 128 242 558 650 583 613 995 612 425 991 693 840 13 104 631 830 458 548 23 900 318 268 385 980 183 192 193 673 195 991 67 361 167 971 304 414 75 747 899 310 767 487 775 220 747 405 324 3 441 340 364 33 170 590 930 58 527 56 181 683 912 552
588 777 550 531 534 673 697 830 723 737 698 111 305 439 916 81 126 673 313 915 918 676 10 700 828 127 11 678 810 107 928 887 834 890 718 63 316 667 477 767 698 778 323 752 860 427 48 350 445 808 692 998 504 244 514 581 95 823 498 723 993 928 559 277 946 242 771 980 52 391 560 364 312 397 151 134 312 637 991 200 974 939 277 28 784
30 149 58 42 81 653 142 337 543 172 869 318 376 514 964 70 195 800 391 146 571 907 639 608 554 633 680 37 913 8 503 565 172 288 153 682 166 926 868 416 937 265 52 894 837 4 145 124 583 10 739 157 420 524 768 547 859 480 951 248 440 568 658 941 204 820 561 760 500 226 898 916 657 33 682 949 980 986 512 479 217 345 76 614 249
875 707 844 350 906 39 84 331 566 571 2 984 415 765 803 938 159 936 440 95 717 138 11 767 880 852 255 244 706 782 272 402 713 888 388 627 420 911 303 790 340 102 417 377 321 771 222 425 284 31 713 952 560 259 426 549 102 7 786 971 595 228 138 422 260 605 190 374 195 62 251 843 857 788 974 284 338 723 307 785 624 422 183 721 550
57 23 421 38 364 339 706 184 394 535 33 556 491 675 914 758 385 762 913 396 785 819 748 907 260 948 968 370 71 256 341 233 845 424 511 498 332 115 98 346 121 897 378 79 293 709 898 503 621 57 607 146 935 88 559 346 573 42 960 682 53 488 480 107 928 753 781 495 325 782 812 943 217 856 420 360 632 453 626 332 542 330 411 171 208
514 192 257 984 437 796 498 761 992 387 622 132 214 158 153 330 119 969 259 644 563 228 911 556 468 953 992 627 647 156 136 584 99 394 212 675 968 14 298 883 354 932 345 253 723 872 112 158 702 778 359 35 19 682 530 441 846 431 248 483 59 638 699 327 900 631 208 18 143 829 65 316 313 737 22 922 220 321 320 852 380 270 635 416 179
258 852 328 319 7 572 67 972 570 284 571 85 314 812 758 502 593 912 184 501 513 184 820 36 41 771 857 606 108 381 765 952 995 497 215 585 820 383 461 684 588 327 109 959 272 807 236 901 840 762 77 635 557 286 206 762 948 525 82 823 532 102 927 291 483 704 456 562 433 487 314 76 991 333 8 482 576 75 227 830 703 126 362 26 816
836 318 563 260 86 285 886 759 54 883 256 587 175 917 589 218 713 367 456 831 959 471 191 426 344 453 745 786 871 296 93 66 92 203 106 949 636 617 380 865 836 287 910 122 785 427 519 207 982 821 385 928 909 945 568 207 307 464 150 900 465 909 473 30 666 618 278 140 881 458 309 945 929 312 487 925 481 90 347 927 936 409 407 558 35
849 17 697 485 906 143 178 459 109 364 572 761 466 421 864 738 56 647 744 215 320 178 508 316 890 841 410 434 311 710 226 426 107 996 916 938 8 25 585 350 212 796 416 197 370 14 296 77 600 358 887 472 160 256 337 634 807 73 602 762 829 826 472 737 215 269 561 796 450 209 354 26 325 690 267 418 246 811 501 930 394 175 972 663 56
651 975 292 725 943 472 988 518 620 864 907 4 424 275 800 534 377 657 341 803 568 531 142 79 644 558 276 455 531 273 278 983 255 517 618 536 894 98 613 72 471 625 796 356 995 350 269 607 964 534 132 299 382 43 965 270 448 237 29 95 92 211 918 230 65 764 355 839 122 712 133 142 760 831 443 986 406 805 347 192 504 207 791 0 567
49 899 572 127 53 570 556 800 752 687 928 549 412 880 128 697 344 459 873 786 285 230 311 199 534 182 260 808 549 914 278 855 949 828 985 106 955 588 790 52 901 280 395 928 536 558 163 695 700 338 761 716 900 219 352 112 319 859 95 658 206 383 896 611 697 127 924 131 11 626 975 18 247 876 474 757 442 226 168 876 921 123 877 704 599
664 775 626 677 838 10 607 875 452 888 57 26 353 511 347 348 974 755 472 332 979 389 16 53 889 723 289 497 156 188 628 906 126 896 289 9 627 721 22 832 682 240 88 558 959 418 381 816 542 334 663 903 4 695 521 686 93 570 110 30 563 613 280 190 654 838 857 137 792 162 522 221 299 140 68 764 234 558 590 513 373 255 532 699 134
179 649 450 485 435 342 382 994 634 344 475 80 715 152 690 335 651 757 863 662 961 20 169 21 933 143 410 659 862 356 165 500 702 493 29 928 926 545 333 472 963 930 309 943 130 411 682 952 591 166 249 972 195 157 222 631 570 594 599 310 565 134 597 448 673 440 369 584 638 181 670 49 484 637 818 931 202 509 396 484 527 523 550 473 138
277 414 281 92 247 297 23 189 881 481 987 408 601 8 757 769 612 450 939 36 486 804 422 136 343 34 63 23 583 905 791 679 125 83 729 423 988 650 406 698 330 841 711 857 949 174 974 343 927 440 124 798 632 924 449 304 920 672 377 151 515 471 505 868 719 89 788 366 255 470 215 22 802 340 546 779 194 942 681 485 943 973 952 360 292
116 192 214 700 606 668 427 899 255 177 359 357 204 473 557 661 660 998 836 597 504 503 47 363 607 496 212 912 461 872 999 510 760 513 255 999 38 660 5 556 419 925 865 801 300 188 661 709 916 48 309 493 333 269 284 248 184 308 187 436 800 254 106 781 568 69 743 45 743 985 613 595 758 269 671 63 861 638 843 751 663 891 573 265 761
102 995 671 91 481 617 285 552 977 732 174 826 150 419 807 841 805 367 531 630 72 875 818 798 488 83 436 804 793 764 457 182 597 357 520 119 119 758 861 842 223 764 805 438 212 608 318 908 135 101 196 24 927 446 126 502 228 450 790 194 298 958 520 49 30 911 133 771 438 731 87 750 337 47 699 344 840 535 322 829 808 873 310 823 527
875 453 272 50 621 965 77 430 524 954 119 203 884 327 755 942 468 746 470 34 626 193 447 514 353 852 379 230 584 378 192 839 533 513 343 246 139 403 88 863 918 273 455 0 480 139 926 725 319 340 43 174 264 733 18 7 783 81 722 248 260 458 208 197 387 437 759 335 578 729 955 896 735 518 834 201 891 102 346 687 61 203 545 237 204
605 155 888 361 132 260 645 931 410 294 311 150 177 310 844 601 830 227 164 91 168 788 18 540 730 504 266 909 429 525 460 544 699 183 807 369 87 710 2 350 706 436 466 343 421 714 27 367 643 429 923 429 255 956 103 785 491 179 461 483 509 15 605 229 678 411 95 639 510 289 152 316 61 55 845 402 106 727 617 992 526 323 600 508 893
913 749 695 826 614 602 62 818 935 787 336 395 61 194 358 208 97 772 879 938 875 307 585 854 200 528 187 523 911 148 825 552 13 734 294 425 981 90 40 881 105 104 28 927 764 432 450 713 706 934 231 24 351 379 570 317 393 931 966 837 638 493 916 316 311 141 627 824 702 320 228 590 671 72 52 900 745 331 874 221 8 505 40 208 478
38 537 115 602 786 780 612 127 841 755 410 494 366 210 212 812 983 375 274 31 237 281 812 423 755 243 40 367 267 587 533 519 800 888 500 840 127 436 373 613 516 455 724 69 99 898 508 954 370 610 390 117 225 11 713 814 656 181 849 609 294 576 447 416 420 153 537 729 214 129 873 45 99 168 86 559 789 912 284 177 691 208 666 390 704
49 809 960 145 344 449 371 571 442 918 443 819 618 372 357 508 363 366 906 504 245 99 896 374 156 153 403 148 158 52 680 861 859 831 125 788 244 588 389 680 916 681 864 138 27 252 589 526 971 669 826 313 521 752 395 594 586 376 844 925 224 646 427 289 510 636 634 562 727 161 147 805 292 424 445 311 325 946 573 924 513 868 618 88 106
311 548 200 279 116 3 447 459 95 588 153 762 930 136 302 172 948 8 225 175 659 525 857 904 862 294 95 174 24 873 316 752 223 224 462 404 891 299 659 567 306 934 190 999 414 826 199 814 325 599 837 575 447 979 723 586 423 320 462 419 488 992 927 785 53 679 333 595 794 262 778 492 800 132 725 669 719 339 308 778 865 638 382 119 671
830 546 963 823 579 76 50 57 333 116 154 216 151 606 587 29 317 750 223 354 528 660 173 193 114 217 451 561 225 881 886 858 615 107 441 800 966 474 351 171 294 637 669 828 736 549 215 220 525 196 331 765 425 512 684 672 627 594 277 860 832 107 23 588 195 935 644 677 522 212 661 116 54 906 156 843 693 622 148 941 449 72 348 643 55
587 119 928 302 231 287 728 616 280 211 226 842 649 317 488 737 880 382 828 373 667 121 896 428 499 881 17 901 452 146 893 658 788 237 325 219 480 780 106 927 861 96 490 971 620 696 71 69 277 406 48 737 117 520 161 611 149 740 218 588 550 510 817 861 503 74 196 895 235 418 397 542 229 858 640 276 217 471 819 851 679 627 26 380 485
596 462 675 384 467 182 713 708 498 228 995 816 5 377 464 438 530 213 722 456 188 187 839 191 799 669 859 188 352 611 842 698 323 268 350 282 751 915 648 463 784 642 680 292 730 763 211 132 547 276 994 380 645 885 20 902 273 219 88 422 897 434 4 536 569 223 531 119 102 232 882 895 352 848 35 348 826 12 379 339 915 987 661 227 876
751 300 252 118 426 256 135 84 441 428 928 401 292 485 999 212 242 819 909 894 466 921 50 475 148 468 13 219 360 725 580 489 894 973 42 38 17 887 556 869 651 626 221 713 689 814 460 362 65 914 324 113 825 421 343 243 257 249 610 807 960 413 901 298 601 826 711 840 792 770 98 549 116 617 605 361 166 500 247 470 840 30 82 208 706
921 391 192 260 573 907 137 819 370 189 480 411 592 937 733 3 898 956 915 938 183 506 276 880 705 20 3 574 857 485 500 916 895 514 263 424 732 572 482 157 337 742 167 919 330 892 859 448 356 164 879 720 91 670 613 775 158 543 375 621 63 143 958 168 170 38 146 75 479 713 179 688 581 133 233 874 55 4 943 561 451 983 925 221 247
455 761 793 799 743 747 635 522 855 487 386 568 73 871 988 660 429 943 128 636 442 581 885 838 295 564 774 304 825 325 503 911 561 601 30 575 164 52 474 364 445 325 632 13 804 917 317 660 120 807 8 287 202 70 125 887 316 267 539 667 102 776 457 865 124 288 47 415 456 830 129 402 741 721 222 507 117 315 906 938 846 146 100 811 701
430 621 370 781 942 910 825 412 603 677 520 564 810 55 809 139 245 872 393 397 289 230 803 222 752 727 158 243 900 22 361 185 83 86 182 527 957 787 693 114 713 682 78 616 581 574 694 209 506 200 695 508 408 789 795 558 847 94 536 21 938 203 909 558 765 973 549 687 264 678 54 402 772 88 6 113 856 972 185 760 103 63 382 696 926
937 203 734 157 441 231 638 74 325 319 655 891 635 281 540 296 303 322 470 266 403 93 77 262 597 717 694 490 508 399 262 951 404 1 312 509 736 362 817 87 912 12 427 269 681 14 570 381 341 652 456 472 422 168 775 730 377 155 148 324 418 890 10 232 778 343 788 199 934 905 28 193 623 560 280 385 938 967 222 889 28 104 415 345 814
979 931 816 792 38 287 461 328 226 392 262 43 198 940 819 401 710 713 218 197 824 810 768 904 971 700 934 928 869 308 581 226 210 808 917 731 330 646 480 457 503 952 132 659 128 485 327 158 774 227 656 205 814 14 638 974 847 962 130 60 285 584 641 490 168 837 50 123 35 517 658 719 271 522 147 934 733 696 141 896 484 825 744 464 770
986 582 396 687 679 633 907 151 383 294 799 433 261 695 202 123 614 626 786 27 191 404 967 625 833 945 462 608 611 997 790 621 863 94 424 215 170 343 5 847 70 161 650 38 366 265 131 19 76 363 623 202 150 278 579 663 668 806 706 436 725 218 739 292 610 395 14 262 485 852 365 607 517 98 825 659 261 932 459 889 726 509 794 881 257
274 469 190 51 435 933 630 736 846 72 75 536 829 983 577 805 977 979 734 267 320 279 740 565 377 651 252 348 896 525 57 969 98 50 775 118 664 371 750 695 921 854 366 686 729 988 301 320 118 575 231 986 206 190 168 399 755 9 645 982 904 542 923 353 248 970 860 697 68 410 315 454 87 92 632 52 152 484 850 76 471 30 434 707 40
652 981 187 941 80 169 531 814 737 72 102 299 536 521 167 26 612 138 330 768 702 177 348 35 401 222 985 56 439 886 58 162 771 528 976 498 737 55 441 902 682 595 376 87 327 582 2 226 432 736 541 206 804 728 832 737 641 511 52 58 267 414 658 799 244 109 491 949 654 20 155 310 552 270 88 460 507 398 708 544 78 555 635 736 419
410 95 262 37 879 706 108 443 988 343 155 3 111 882 775 698 165 987 879 61 634 898 106 218 575 153 763 865 427 809 543 852 858 466 667 654 921 938 216 741 819 882 115 152 796 464 591 838 857 552 686 107 456 230 592 318 18 811 688 767 506 528 358 916 519 676 863 559 97 117 302 976 777 641 300 856 429 328 194 264 713 547 979 892 920
540 646 918 320 319 452 908 278 386 740 569 793 753 855 861 182 939 338 284 406 983 522 161 596 927 738 326 532 366 26 741 892 853 951 740 141 697 635 371 24 341 916 365 78 43 890 104 859 330 816 116 43 313 252 425 153 902 4 995 964 362 147 315 926 349 577 912 497 969 641 512 623 613 376 355 344 371 208 545 504 643 295 137 861 307
717 901 286 675 491 20 143 617 348 378 745 764 486 42 701 32 807 22 781 382 736 100 123 949 74 556 926 387 8 372 346 585 933 812 842 481 448 634 879 598 357 754 18 480 307 116 683 56 423 110 444 11 314 725 78 735 13 439 68 473 996 752 187 267 721 953 78 344 175 71 573 143 226 953 768 348 887 769 38 955 477 301 623 587 510
53 795 778 98 263 251 390 145 818 909 419 830 91 594 614 292 567 327 197 114 871 540 558 144 671 497 43 76 585 941 868 328 541 886 556 452 544 244 810 517 515 685 618 393 732 418 523 127 797 234 235 59 266 47 156 105 839 668 258 833 218 536 235 747 665 828 330 521 698 987 576 402 203 981 779 179 159 260 502 123 942 392 246 901 711
475 146 241 571 234 196 234 901 315 166 974 54 719 926 867 38 758 808 618 264 957 26 448 297 674 317 200 454 62 68 39 203 309 151 674 877 636 429 577 197 561 725 87 765 196 223 605 154 377 52 888 715 896 213 563 15 652 644 967 35 657 29 975 142 82 228 267 970 441 281 273 24 575 924 489 301 153 909 456 147 986 348 588 33 909
455 509 165 788 802 487 169 975 390 566 434 110 904 883 721 802 505 582 558 966 591 207 298 713 476 882 692 874 643 479 161 764 227 362 51 816 220 31 925 52 669 448 131 338 497 46 600 160 141 796 434 859 706 548 511 447 285 310 924 824 755 679 769 765 972 356 178 125 761 961 876 328 497 925 42 864 321 308 880 368 4 276 133 525 492
613 440 150 519 660 180 684 591 204 292 956 183 705 476 379 733 927 791 654 149 9 37 98 386 468 371 66 63 948 164 429 278 495 596 344 614 755 175 234 208 991 592 333 312 917 811 739 693 624 21 54 387 713 445 400 669 877 159 999 278 886 393 794 143 447 242 51 426 654 983 311 208 542 359 400 842 138 314 536 669 649 978 451 613 883
410 413 171 488 11 60 149 148 675 602 714 977 586 458 109 355 164 73 401 294 368 778 653 603 937 496 374 183 256 584 205 686 99 225 900 187 218 477 72 655 84 103 997 94 857 743 53 829 87 429 350 355 440 720 501 914 594 160 423 515 42 895 100 432 15 312 760 157 207 195 391 844 324 288 601 681 766 573 225 107 452 218 542 930 879
57 231 812 806 169 219 948 144 668 451 858 51 149 975 652 783 444 579 277 844 195 651 702 951 377 175 112 728 137 426 517 913 670 968 215 819 411 119 692 280 51 481 927 328 98 584 811 614 150 90 267 99 803 833 459 860 36 652 282 4 945 884 810 759 896 824 868 398 742 941 376 591 168 782 698 778 930 65 510 276 948 173 610 818 409
514 129 814 200 867 229 852 616 157 474 602 875 267 902 394 307 869 575 655 324 556 132 645 776 71 291 380 610 4 642 558 454 929 212 238 931 820 256 389 907 421 416 707 892 72 203 186 127 307 47 860 753 301 914 177 584 406 63 614 598 528 35 714 505 795 618 964 39 997 89 118 591 316 619 112 707 768 82 383 992 102 725 997 467 182
802 494 949 371 586 747 904 85 199 217 839 642 641 424 301 474 488 674 727 67 984 652 156 637 976 636 993 889 134 353 145 335 758 28 25 161 779 600 289 223 228 938 967 221 8 212 429 551 142 283 243 38 969 545 46 822 756 61 936 588 913 874 308 855 501 102 367 896 15 614 297 476 110 864 38 373 275 110 290 78 936 129 708 96 924
822 21 923 83 214 649 793 957 503 924 190 635 744 73 37 624 846 3 982 229 691 335 957 539 283 388 711 527 816 504 31 269 431 550 26 700 58 912 190 283 3 311 818 385 387 957 248 688 619 145 430 865 622 229 632 372 991 695 829 504 875 214 477 586 436 37 792 500 956 644 231 197 719 295 765 969 784 854 679 77 621 538 594 640 785
960 982 386 155 599 621 876 939 974 160 606 123 697 791 947 639 733 627 644 791 696 691 601 17 861 828 734 716 656 575 941 10 309 8 473 30 310 455 529 282 876 862 842 72 396 711 641 329 318 495 694 206 663 346 458 24 795 96 47 252 981 279 988 342 787 572 296 775 223 315 328 931 210 428 510 775 8 914 254 363 746 939 144 230 179
40 241 358 94 678 589 108 892 125 920 82 6 959 427 311 147 248 663 987 260 417 330 113 822 359 446 320 476 830 637 84 515 591 235 681 696 621 641 120 353 623 872 419 138 169 844 110 344 311 914 955 925 702 174 289 832 307 436 817 983 385 604 451 427 743 55 956 718 774 798 864 21 419 83 401 630 94 725 643 238 617 845 346 225 82
88 606 987 210 980 160 827 968 491 97 749 486 470 964 904 252 27 562 605 679 983 722 440 778 68 221 541 182 989 520 631 318 924 659 342 73 776 80 436 362 102 381 171 55 863 625 428 490 253 303 396 104 685 519 890 588 93 228 174 981 605 526 124 241 320 988 286 8 873 878 960 200 366 492 996 118 296 405 515 736 646 786 345 729 840
440 5 26 690 89 856 655 387 801 219 543 167 147 768 245 395 74 803 706 82 433 101 648 485 315 874 296 736 280 13 31 476 973 115 904 874 676 33 49 801 815 132 944 743 584 713 274 629 211 918 479 462 140 439 627 54 34 176 804 231 336 605 624 238 472 985 761 518 444 601 268 746 467 198 495 450 53 176 700 894 669 675 653 267 487
729 892 980 70 352 360 588 357 644 997 9 316 486 899 914 437 183 713 16 183 3 943 483 323 779 207 346 509 370 599 141 720 819 520 693 257 539 857 392 30 403 472 878 35 865 733 219 848 158 825 841 841 857 452 601 251 147 606 511 76 722 7 171 632 788 75 451 972 450 905 905 472 10 174 266 818 376 798 161 881 338 4 706 12 449
