100 100
156 136 913 668 711 184 255 280 102 767 607 943 830 193 491 567 946 998 399 959 53 958 344 885 24 99 117 301 184 518 833 298 167 182 576 23 634 541 928 144 267 261 499 740 187 8 870 579 496 80 911 99 421 806 869 175 996 366 587 485 61 168 838 909 184 527 382 547 980 60 550 242 129 549 263 102 78 383 219 907 99 978 912 608 575 918 193 962 288 878 666 780 917 709 370 32 581 358 342 226
626 223 484 274 265 348 2 324 717 386 73 627 259 444 234 426 192 306 71 707 412 341 752 405 86 370 866 449 544 416 141 455 690 357 115 350 201 295 27 291 656 736 650 672 71 456 636 9 366 44 976 930 143 747 183 294 47 613 399 437 933 944 905 622 394 802 747 50 732 168 11 183 984 258 767 94 460 482 878 444 49 467 687 381 633 288 709 102 589 601 668 219 648 11 482 15 126 647 418 883
632 932 96 950 857 805 199 100 368 786 658 964 633 187 844 469 63 295 104 357 736 538 923 327 759 165 914 973 750 707 320 690 258 795 332 453 997 984 763 343 838 939 830 640 198 614 177 737 31 878 861 696 156 815 586 519 881 614 683 212 418 373 942 921 6 443 478 954 940 579 219 698 535 275 540 381 468 370 980 565 607 71 978 887 915 39 26 114 454 895 196 754 279 81 328 100 433 194 582 89
268 823 512 664 882 37 75 700 428 111 539 723 289 880 656 638 770 567 141 820 323 208 117 469 190 711 422 740 425 485 638 65 481 297 631 817 567 6 689 324 685 52 0 482 501 899 389 458 783 933 184 815 191 919 292 341 302 486 640 626 44 635 831 406 734 539 25 295 336 177 326 639 182 262 296 619 662 523 798 794 6 390 901 11 456 503 815 825 674 91 321 680 870 691 179 772 968 84 460 479
87 203 720 758 937 346 287 609 986 563 862 141 558 855 204 329 555 71 223 29 194 326 892 841 882 513 324 507 703 514 11 656 393 134 430 335 791 657 669 864 980 141 754 542 186 701 305 458 384 762 70 138 937 321 845 571 524 130 141 969 141 744 102 201 370 917 734 205 523 125 579 844 550 653 887 421 981 227 722 199 608 979 105 722 932 281 79 871 176 771 388 625 811 715 153 431 736 548 900 36
645 999 61 224 131 685 330 475 870 981 217 304 119 494 841 102 897 392 972 356 62 348 340 78 110 639 410 303 630 52 357 987 529 741 622 972 498 904 933 451 518 142 465 199 22 18 440 395 386 896 929 731 508 305 906 869 256 685 804 140 650 515 471 496 622 65 213 135 530 707 873 67 542 284 496 949 900 227 362 402 349 773 954 275 110 492 351 70 776 542 66 80 748 524 255 216 839 782 808 501
142 472 338 490 447 617 764 521 931 48 414 278 789 704 419 737 152 821 632 636 783 73 585 647 67 424 804 114 654 781 519 591 495 699 242 491 37 476 511 23 659 593 807 410 276 303 241 710 762 282 670 300 844 185 760 313 534 59 175 919 216 438 617 52 823 864 539 185 42 333 4 473 543 937 598 906 447 283 754 815 211 205 785 403 562 153 878 919 895 40 434 95 372 86 915 508 619 695 755 194
428 823 330 243 927 343 142 709 522 785 808 245 306 829 211 14 957 883 669 709 828 118 984 793 126 497 172 516 84 349 41 428 752 355 336 176 218 930 482 495 623 250 675 449 712 919 270 637 222 353 589 224 523 837 683 62 155 219 959 521 824 913 489 481 95 55 419 916 974 944 82 387 639 73 712 658 124 416 412 270 455 156 185 710 338 845 873 988 844 645 683 335 638 615 674 106 760 418 381 64
591 835 304 618 19 34 384 583 445 735 521 248 405 550 590 904 602 346 800 301 970 609 590 243 166 562 370 16 82 860 167 799 218 14 729 539 805 907 921 844 882 374 197 101 886 187 834 222 342 222 380 198 985 475 985 925 894 750 742 648 997 449 233 267 823 689 838 607 755 334 604 633 782 531 773 735 710 221 418 292 722 29 809 421 143 238 907 186 704 963 978 117 762 629 353 741 298 700 577 657
852 519 32 176 430 520 240 931 775 215 399 295 58 738 291 205 263 644 548 770 347 491 49 517 228 621 370 229 671 696 653 430 239 84 344 394 686 666 815 256 637 561 850 63 937 230 332 507 806 466 594 307 614 892 376 766 364 795 369 34 904 656 400 591 758 790 427 305 835 456 526 853 555 502 607 357 862 994 200 334 242 440 878 719 705 757 658 741 269 850 672 826 47 925 186 488 196 434 590 937
440 211 539 705 535 283 808 42 990 511 217 422 605 465 482 46 557 974 526 404 626 581 811 791 447 726 158 395 270 127 146 263 706 547 556 761 575 718 447 544 765 5 703 889 256 657 123 112 380 247 943 200 567 95 594 48 88 79 184 943 206 437 175 306 668 301 168 142 92 908 688 37 601 702 811 440 572 252 848 826 589 599 336 350 832 578 534 154 363 520 764 616 448 86 86 668 85 468 447 559
618 578 508 352 470 215 970 419 442 368 768 331 594 567 72 918 806 800 813 854 547 468 908 432 891 303 227 573 627 512 271 739 913 23 391 573 490 190 500 939 257 637 978 212 334 254 368 561 353 838 409 64 584 925 714 796 584 269 190 175 695 685 135 977 224 822 226 87 792 837 251 949 783 571 239 66 889 251 43 691 622 897 442 229 429 8 643 913 442 138 450 842 268 883 806 991 113 198 657 917
782 823 275 126 445 354 835 393 5 354 697 551 164 907 59 621 535 790 295 635 926 146 643 22 287 456 69 635 708 564 414 199 209 137 930 965 781 623 255 4 619 423 207 550 300 27 186 890 52 425 291 951 947 676 856 241 204 211 728 463 334 686 205 249 687 613 7 138 816 25 113 34 590 455 626 317 535 113 666 636 755 431 716 28 27 711 681 38 359 69 876 467 510 858 851 579 843 512 258 894
107 673 338 481 541 146 159 63 432 632 265 18 15 71 980 425 228 93 955 382 215 554 204 480 516 119 211 621 61 144 421 207 423 95 732 302 249 483 115 455 987 812 448 326 481 253 968 252 559 412 513 659 188 891 549 464 246 861 768 695 816 19 395 670 47 844 141 298 845 777 352 660 52 964 656 431 568 762 327 359 590 385 49 505 869 324 717 681 985 65 912 752 555 840 858 936 918 96 511 873
845 67 706 145 493 444 753 732 745 776 39 585 407 707 565 242 943 449 798 83 449 161 924 5 704 836 706 558 930 715 988 0 738 297 93 362 553 601 448 620 754 978 966 739 568 279 149 140 927 516 673 875 629 990 622 473 881 151 740 380 949 463 268 787 126 179 512 333 41 326 34 164 260 756 76 778 497 108 782 457 175 604 2 794 342 757 599 5 727 1 200 143 927 125 530 783 112 426 638 581
513 535 19 831 932 382 280 781 817 572 892 660 247 359 841 728 514 499 932 695 751 849 883 848 732 151 659 335 336 836 610 714 646 414 375 723 683 442 378 202 646 44 972 73 372 322 839 974 349 787 225 788 985 510 396 483 590 215 977 636 984 358 240 418 8 599 957 629 707 275 64 585 552 757 174 419 376 965 607 962 523 267 389 203 533 426 83 483 674 939 811 968 318 978 29 213 479 429 749 581
18 31 903 45 84 183 753 755 834 808 184 980 452 52 328 638 966 478 956 663 501 733 124 74 263 643 81 663 29 32 134 412 107 712 897 166 19 107 437 66 308 108 476 508 395 276 530 211 378 467 238 597 381 54 859 136 383 939 889 745 982 981 824 53 555 692 959 539 11 458 71 379 14 773 766 748 79 113 375 623 140 304 394 513 930 401 99 785 731 547 14 665 175 612 247 502 212 145 378 139
128 424 990 506 641 68 627 539 297 193 815 850 99 328 879 794 832 614 900 454 311 931 797 398 560 366 566 696 475 586 624 531 635 587 854 980 54 350 371 535 332 567 16 728 594 127 331 47 681 443 728 245 365 15 686 10 500 765 62 533 998 519 315 219 821 971 690 58 61 518 70 161 65 180 69 856 554 552 128 178 501 489 620 119 840 535 15 764 508 615 666 577 821 355 839 226 552 770 807 656
679 841 64 676 781 677 531 648 506 233 873 423 449 690 412 130 183 279 269 777 215 712 722 586 811 314 686 521 796 924 109 602 288 49 350 709 103 418 643 409 119 907 561 418 653 486 984 840 538 562 255 580 514 165 221 846 319 275 797 912 342 845 941 813 659 992 665 794 128 716 486 325 392 963 681 909 108 418 891 843 872 32 525 745 370 765 517 344 79 951 200 499 501 327 139 418 571 215 711 743
456 967 230 204 685 905 76 279 13 870 135 592 647 314 172 83 310 838 372 310 390 828 595 663 310 46 145 786 864 689 962 304 233 612 901 250 364 317 337 930 365 597 619 498 209 662 177 184 407 101 970 36 569 223 177 964 564 609 833 304 547 965 149 960 173 128 7 444 55 738 730 214 343 616 411 514 636 38 487 674 930 330 167 80 743 535 677 3 811 691 283 570 515 875 363 506 126 560 606 64
47 939 675 885 338 323 578 838 217 755 846 728 392 890 145 148 563 573 845 793 556 119 408 265 0 80 189 666 988 482 325 164 410 676 747 893 895 144 148 229 7 436 162 3 77 467 454 229 862 810 17 305 885 17 99 717 733 753 341 97 975 466 932 642 50 786 371 731 20 496 751 603 677 703 211 11 635 966 369 800 832 831 176 929 806 906 148 477 211 911 262 408 346 190 482 448 540 449 384 754
383 358 781 28 229 225 493 277 385 75 538 771 388 423 506 270 838 433 6 286 828 570 404 840 639 457 246 961 650 474 214 338 519 666 604 110 500 522 885 569 876 131 80 128 779 557 632 580 940 26 394 675 212 604 496 932 195 71 636 877 737 946 784 178 214 684 948 823 365 655 910 450 516 737 379 923 688 850 429 265 300 488 789 165 910 466 5 966 676 36 340 720 424 563 29 140 679 68 307 365
214 398 493 721 881 429 142 799 631 279 470 807 563 218 324 932 715 312 760 470 917 227 22 754 622 134 101 314 116 17 774 879 750 69 559 726 255 563 43 157 868 944 503 623 611 903 807 573 944 17 88 318 52 39 827 135 610 484 772 580 194 204 26 538 650 588 974 980 711 940 91 435 998 346 26 452 66 56 655 453 870 866 501 843 634 121 852 361 738 618 742 593 624 371 984 500 526 139 919 615
306 50 665 40 140 421 461 886 25 543 518 815 269 552 383 36 328 415 12 729 853 984 395 888 861 646 802 999 225 421 690 589 642 880 367 552 625 228 220 382 893 933 835 508 766 257 879 488 549 695 371 9 45 590 918 890 892 221 704 270 805 559 44 949 756 774 911 788 455 130 506 425 991 547 119 947 576 597 36 831 701 201 366 437 306 884 123 487 170 693 847 435 448 589 48 411 268 982 993 496
471 532 178 174 5 957 930 859 419 843 322 192 440 438 446 389 349 297 684 274 452 467 449 584 277 836 789 482 573 140 438 294 81 982 476 961 925 368 91 185 644 733 728 877 147 576 903 490 253 980 74 867 734 637 368 308 392 800 968 619 315 778 604 951 417 177 533 244 779 73 58 899 906 690 845 773 427 406 884 740 901 550 556 273 869 700 250 380 946 86 902 908 149 66 85 222 961 469 760 607
395 444 212 587 946 528 934 897 912 209 427 197 245 962 389 159 235 292 318 867 51 580 898 393 838 490 394 811 72 754 512 898 409 620 567 547 456 715 413 59 637 231 497 285 675 252 297 777 84 20 620 536 469 515 821 866 97 595 435 172 996 56 969 151 391 95 749 893 100 32 912 644 675 471 146 672 759 518 593 458 582 174 909 839 511 163 229 691 289 801 271 777 559 428 867 430 255 202 140 558
78 209 848 241 613 829 671 168 199 458 112 435 481 868 440 117 187 233 823 625 606 131 857 640 635 905 721 359 990 647 735 474 913 115 809 719 396 119 579 552 780 648 831 369 226 75 442 327 874 737 814 65 256 267 362 950 339 441 516 424 824 0 680 585 434 435 295 482 366 190 715 105 458 891 363 878 153 19 175 183 872 77 624 21 385 864 429 359 879 67 177 67 941 566 695 69 915 120 76 825
162 926 247 30 782 590 866 259 23 41 694 262 887 678 489 910 618 27 959 846 723 520 309 55 748 738 517 900 605 256 203 970 124 787 763 371 638 678 409 498 778 868 467 654 47 797 126 826 611 449 461 957 177 158 821 806 878 865 934 999 550 987 78 297 942 826 598 105 920 738 40 505 646 422 417 423 983 146 529 225 79 261 933 906 864 532 133 547 956 380 944 278 844 385 417 66 733 898 251 140
823 330 915 38 759 305 4 904 114 398 707 674 547 989 911 511 787 171 828 595 664 572 51 923 23 220 471 250 419 293 158 724 49 427 793 703 310 480 847 30 533 295 69 89 813 921 187 461 196 173 702 578 811 988 445 976 150 816 565 649 941 208 83 677 426 970 221 775 582 322 469 585 154 17 371 913 810 227 580 510 283 927 894 102 660 212 833 620 533 839 201 207 869 124 727 412 773 564 569 373
871 225 297 959 268 121 142 473 112 462 784 193 142 940 461 568 344 551 348 283 341 620 995 614 321 95 827 345 351 290 609 235 574 798 552 9 541 326 269 495 203 606 282 413 475 693 879 462 71 621 516 991 756 602 177 981 601 765 469 266 215 475 446 713 594 278 445 375 726 378 943 867 462 693 462 886 791 711 832 876 11 468 389 732 422 542 680 600 220 271 108 639 843 950 145 584 971 906 430 269
781 223 281 583 725 615 761 882 990 137 699 85 182 504 54 285 408 287 227 96 464 344 194 340 332 244 110 679 958 48 223 699 136 440 262 987 937 334 853 5 73 500 505 68 92 432 196 895 432 434 231 44 351 374 458 773 666 752 599 448 383 341 675 581 536 324 880 561 32 350 418 980 984 190 275 447 260 365 536 532 975 984 29 672 119 672 107 364 819 402 981 70 831 902 958 594 688 348 289 537
500 797 466 52 457 842 396 246 572 49 11 942 844 805 410 727 53 427 833 190 462 902 279 95 66 595 748 309 671 203 867 480 230 61 696 71 189 692 278 304 635 16 721 330 992 209 998 835 352 912 693 443 148 904 920 822 783 341 29 642 496 924 570 722 304 279 273 957 411 754 283 287 85 565 197 34 430 135 227 31 26 402 798 709 712 916 514 53 608 339 162 284 444 929 207 315 157 137 463 200
259 158 914 127 903 243 996 208 56 19 760 480 136 464 749 445 33 952 406 659 175 988 398 410 186 221 77 896 768 391 621 619 487 497 738 872 598 371 766 349 689 174 346 196 684 880 703 746 635 619 731 423 49 234 565 215 935 393 123 153 872 102 756 834 537 90 476 955 973 496 23 325 585 98 590 451 157 656 120 703 573 52 250 434 899 997 142 89 865 625 101 100 421 107 566 964 336 591 537 757
565 734 75 464 537 140 425 110 418 400 236 48 242 383 503 718 98 660 988 694 246 355 233 377 805 908 699 742 260 743 462 430 424 6 9 663 343 138 420 208 672 842 148 137 138 252 641 560 388 185 728 484 928 143 15 958 520 452 858 519 383 602 240 328 249 735 718 157 398 628 219 996 382 582 173 871 327 400 973 526 164 652 633 435 771 518 668 152 55 678 359 490 570 283 516 223 752 310 347 837
57 118 847 595 509 255 425 150 461 355 946 699 261 690 358 195 550 50 50 109 136 371 876 730 847 106 463 282 911 427 659 458 932 560 621 412 561 699 634 754 633 970 358 336 61 436 641 976 842 53 682 16 555 853 560 917 922 878 691 131 889 652 959 72 536 730 889 330 367 422 39 497 995 496 727 627 225 434 401 478 834 593 555 636 516 194 540 958 273 588 340 261 651 660 914 823 928 972 428 582
36 740 907 620 863 846 662 934 573 240 275 802 966 403 240 860 299 56 647 308 952 602 504 960 343 623 249 256 532 586 793 894 848 417 499 215 801 560 606 514 585 606 314 140 107 897 784 516 796 527 896 104 505 775 433 81 962 187 822 551 587 136 406 191 476 245 549 901 734 216 146 631 388 554 97 112 575 343 568 674 531 913 658 272 134 222 910 403 308 376 423 307 510 887 911 221 634 25 949 555
309 353 43 633 538 35 171 324 131 641 419 190 569 871 559 659 964 616 806 291 116 198 994 734 798 4 482 298 541 147 445 166 997 484 288 654 803 921 207 350 339 143 165 522 219 491 54 185 314 43 964 169 396 408 621 460 545 555 525 226 407 613 260 458 407 890 576 416 446 88 219 955 572 608 384 686 858 918 805 509 447 14 847 60 161 278 955 157 194 366 761 251 863 707 507 703 728 199 805 156
53 543 913 896 396 945 878 448 761 48 519 936 756 702 488 2 732 437 201 530 612 91 606 581 193 866 279 265 273 236 567 645 121 204 668 130 740 86 586 642 382 773 900 381 59 532 134 237 814 412 515 816 112 176 841 360 491 164 754 620 973 458 887 145 892 417 714 437 200 121 20 592 348 843 714 207 135 530 181 429 100 995 446 904 565 260 216 742 192 108 445 423 512 903 671 428 653 255 266 957
342 807 543 241 820 754 528 452 674 645 705 279 987 414 946 833 2 589 106 685 612 579 579 408 301 47 298 136 173 834 996 475 224 137 790 375 129 468 595 728 225 662 775 607 933 162 33 239 612 775 585 543 952 545 474 574 859 640 783 226 405 853 796 576 381 182 622 129 194 864 780 410 862 831 568 76 555 190 279 31 784 593 276 389 562 731 837 467 21 83 677 765 261 192 57 710 185 201 252 299
107 608 374 22 831 791 159 418 932 306 935 169 410 754 563 684 303 789 668 168 937 139 389 396 696 407 497 450 479 446 22 394 132 173 116 305 938 772 686 421 949 721 631 960 333 573 207 584 4 434 688 604 509 886 523 545 684 745 964 642 995 772 729 96 267 860 912 541 740 607 93 441 755 343 337 922 258 958 182 563 467 856 443 727 630 47 96 869 512 111 230 632 271 400 557 989 820 773 704 531
890 734 380 369 771 932 986 921 119 37 385 201 981 385 134 248 499 120 139 83 497 733 396 954 625 139 202 833 700 276 336 840 815 553 551 823 259 834 286 417 537 146 628 608 435 182 171 944 229 623 993 458 344 131 349 996 183 316 141 426 411 992 160 692 612 218 790 925 904 939 124 855 173 81 918 655 283 131 532 114 534 541 983 689 702 571 469 758 811 900 79 366 810 682 450 4 754 492 164 34
455 801 402 585 674 0 734 786 556 842 935 599 317 344 171 530 281 613 464 854 65 180 859 712 677 682 218 246 931 322 538 634 610 147 799 858 513 536 70 529 796 601 642 277 938 880 957 252 439 690 342 22 434 2 653 249 453 761 544 30 444 356 118 788 591 979 130 172 330 603 299 333 483 451 302 903 959 280 311 381 401 495 92 524 834 881 879 721 222 328 98 520 581 877 990 667 215 541 308 269
806 7 583 310 331 421 864 704 21 979 783 590 276 646 173 797 928 333 337 812 256 993 718 619 407 146 989 198 216 819 693 750 156 274 891 607 458 657 688 63 897 483 841 899 894 976 960 731 426 53 984 447 690 43 907 522 484 831 847 766 206 476 786 974 920 807 946 54 16 409 758 735 509 599 874 120 366 849 389 195 850 808 760 484 848 582 965 109 381 801 207 86 653 417 90 881 525 435 413 994
21 217 516 315 141 23 642 645 33 167 529 864 241 231 792 645 40 835 713 565 474 16 423 374 261 654 494 50 244 745 368 426 795 904 419 681 265 668 520 998 563 699 454 609 50 452 994 177 878 767 360 641 251 602 750 544 751 665 631 613 363 512 917 393 816 258 809 846 142 659 774 769 488 148 642 318 379 847 393 173 145 718 422 908 267 415 751 601 529 183 779 855 568 376 889 982 411 158 15 196
608 189 998 515 962 161 707 642 43 367 446 963 81 518 474 790 575 619 951 775 423 700 938 918 418 604 993 103 270 717 324 688 180 677 212 87 963 819 739 230 931 184 31 915 651 479 138 139 923 884 147 680 590 917 820 442 899 317 86 278 444 777 483 143 732 464 236 278 215 101 455 56 400 974 793 759 121 543 473 493 751 212 405 282 617 439 225 894 656 350 512 124 857 357 222 188 411 131 263 899
815 586 603 666 792 717 280 782 811 476 615 920 583 219 316 296 232 510 199 956 780 315 610 382 702 97 376 173 902 860 535 617 737 48 579 827 194 516 22 406 842 519 422 199 637 96 492 634 84 367 646 847 449 25 672 168 266 788 57 50 22 793 437 688 237 955 276 539 203 730 608 870 857 320 673 402 113 201 534 123 346 535 242 197 312 362 620 111 208 798 961 37 803 912 156 314 388 611 83 985
273 172 881 500 436 950 581 589 691 649 266 447 100 100 350 87 896 866 991 186 617 456 837 153 457 317 63 11 284 515 22 345 120 18 163 775 175 494 65 159 848 485 938 539 473 688 272 68 524 334 779 890 332 537 513 74 666 375 400 967 91 60 261 41 223 145 338 342 586 167 859 988 351 774 733 550 863 347 865 23 610 260 24 878 11 549 946 802 955 271 125 255 235 630 983 820 957 684 356 302
78 975 825 872 34 979 54 91 132 480 352 148 118 469 611 248 547 515 183 837 302 709 548 773 38 44 353 416 854 0 670 468 968 220 30 638 708 625 19 499 169 16 802 156 238 632 111 692 751 682 971 296 609 451 489 567 523 459 503 330 579 180 967 373 119 775 494 350 970 319 307 554 432 400 64 446 702 442 583 139 484 774 465 589 380 598 145 26 29 282 192 93 281 296 600 124 159 419 755 39
554 742 381 773 549 652 485 461 245 889 162 284 394 452 623 4 619 230 738 520 553 682 270 35 934 391 651 535 771 387 970 833 461 938 864 715 333 8 963 589 136 936 337 581 889 678 76 88 747 872 713 65 331 961 900 746 777 783 550 740 321 882 237 920 711 852 438 797 720 593 935 858 504 411 352 107 516 501 573 760 411 813 79 884 439 888 358 129 537 393 727 589 54 807 188 952 74 62 85 928
238 765 243 498 283 809 216 882 910 748 31 2 40 601 92 706 839 62 497 333 706 847 838 708 200 145 560 532 565 750 166 938 188 66 619 177 956 233 803 359 865 238 126 613 111 235 15 76 572 943 36 432 954 922 109 49 804 279 161 744 592 604 548 238 677 943 364 890 906 911 576 587 708 805 80 613 528 220 643 697 950 855 151 348 106 925 875 696 457 370 631 684 538 507 32 349 348 319 505 635
704 224 906 277 827 369 868 574 997 265 959 876 568 958 41 732 591 979 860 183 657 513 127 728 726 280 126 957 658 412 689 326 140 822 329 315 58 598 967 486 319 606 477 861 788 74 550 725 400 142 196 705 62 499 661 440 311 200 483 230 584 677 321 854 740 786 508 394 778 10 695 527 834 277 395 958 538 801 246 601 715 353 27 188 649 922 549 393 496 440 982 304 386 922 146 469 151 134 146 722
112 458 423 45 163 187 342 584 140 110 699 145 684 866 224 502 657 404 112 260 212 38 659 844 875 58 529 440 378 163 769 112 859 962 407 109 625 51 259 728 516 399 356 283 414 245 350 357 848 12 856 356 728 32 978 196 273 911 346 65 464 257 311 797 194 494 570 911 695 522 194 218 776 153 429 29 97 968 87 408 650 672 769 998 773 216 350 402 471 375 288 769 773 147 103 864 861 650 339 498
618 320 19 602 442 845 258 74 222 406 350 344 953 597 496 54 152 60 329 138 628 221 997 940 819 188 157 601 59 237 682 276 840 932 705 654 436 855 478 891 580 497 473 924 986 206 928 685 446 866 664 234 82 795 549 503 248 708 522 357 420 943 141 174 809 544 421 863 819 705 913 105 431 543 66 929 567 13 91 442 376 983 878 764 510 108 901 500 262 291 63 454 276 419 477 305 325 711 680 447
542 322 646 394 731 916 238 571 598 130 999 245 692 868 448 509 118 696 689 841 588 587 180 25 424 393 78 840 176 783 350 154 793 510 931 863 633 687 819 387 366 276 13 709 939 521 359 662 645 2 793 936 881 745 599 593 700 694 8 164 440 750 937 498 289 725 201 773 222 931 42 798 609 160 531 458 176 289 906 940 619 293 242 224 401 905 897 439 315 140 545 735 637 526 114 496 313 410 778 567
811 168 315 472 328 678 156 232 48 917 151 795 557 221 67 164 399 797 750 241 322 953 217 223 226 832 225 599 970 130 756 403 689 900 717 399 909 387 608 68 756 822 624 102 128 968 419 827 885 108 558 727 637 14 930 257 658 569 304 361 55 722 557 983 34 617 558 967 39 800 449 266 432 952 32 71 320 642 916 77 473 684 846 606 185 99 746 591 988 263 635 163 326 909 539 306 812 312 272 147
805 359 27 585 5 151 960 535 597 801 420 209 333 904 168 285 521 403 832 977 76 141 394 578 451 640 757 859 429 331 591 265 375 303 759 791 216 471 531 662 866 966 368 355 793 385 23 407 556 632 33 44 780 137 973 412 901 951 620 521 792 794 738 64 942 861 534 23 339 914 177 356 733 225 508 746 685 21 588 940 384 959 643 168 169 360 412 116 475 831 747 163 148 850 273 781 989 443 12 567
880 323 263 653 870 611 11 874 626 397 2 392 973 27 373 932 931 847 789 531 140 335 427 730 963 191 104 9 56 150 584 873 90 466 497 863 600 373 875 873 660 436 19 660 346 765 777 589 868 191 493 810 331 789 76 720 739 36 106 408 126 107 824 326 500 42 255 20 233 695 796 502 187 368 66 590 241 688 851 980 957 664 207 458 428 201 150 577 68 373 173 306 78 126 378 910 701 141 525 954
153 219 331 716 647 101 683 358 219 533 512 683 953 392 557 912 892 864 936 415 804 246 847 739 833 709 688 537 365 654 149 105 197 443 920 738 987 329 253 623 161 701 223 635 692 114 110 478 547 126 462 221 375 687 222 885 955 868 759 149 125 759 289 468 331 861 369 49 557 508 712 939 305 791 722 710 307 784 852 665 273 323 68 861 706 828 711 517 375 752 132 624 150 929 177 52 796 903 600 91
67 442 93 237 2 851 516 143 823 231 516 982 202 503 852 503 900 24 204 420 558 997 676 748 513 662 608 765 42 478 771 456 42 115 218 819 380 933 516 570 73 685 682 726 588 981 458 164 806 332 591 871 652 743 850 468 878 417 289 447 147 94 658 452 444 954 356 692 354 247 888 962 536 237 470 363 641 461 958 185 447 890 781 294 978 675 320 640 287 521 488 666 122 999 860 934 568 110 254 358
206 879 145 808 530 408 225 62 186 490 129 414 237 870 44 804 733 223 52 931 994 536 297 194 412 661 96 695 915 475 870 785 367 802 137 82 394 790 240 825 198 575 432 699 280 996 731 805 563 413 363 649 200 582 419 279 725 320 612 975 811 137 716 711 300 496 190 656 132 72 864 218 169 249 317 186 615 430 202 952 320 653 45 811 375 168 814 180 252 809 910 792 500 619 782 343 680 269 874 76
927 111 961 123 3 749 360 580 561 961 875 222 176 475 270 820 840 954 990 993 627 974 335 353 398 278 885 757 568 24 970 854 773 793 258 229 163 957 35 397 510 180 27 670 752 657 997 844 298 651 144 748 620 845 592 142 622 679 760 365 897 946 95 357 860 188 458 693 723 250 360 401 31 578 693 774 762 770 250 822 412 994 658 669 565 503 747 354 261 621 827 562 406 136 985 593 6 205 286 964
735 885 523 405 113 191 924 482 483 639 743 373 849 563 632 316 659 771 770 427 166 209 742 747 929 248 290 189 831 244 519 232 696 847 349 778 191 764 66 813 926 320 82 869 429 277 636 58 225 413 97 477 979 914 690 706 895 541 301 788 586 479 648 599 757 935 903 418 795 989 678 800 282 892 635 801 936 206 497 282 449 31 290 698 892 739 62 28 550 495 899 112 680 893 125 274 530 309 80 642
482 444 698 168 892 138 477 126 783 226 863 701 60 314 589 400 296 315 422 530 871 318 309 645 592 817 410 660 539 480 648 530 283 987 459 108 632 335 172 313 129 449 15 631 151 134 216 114 304 500 399 269 658 668 621 252 881 182 878 477 823 740 576 256 81 482 361 77 841 193 702 433 595 795 768 197 600 796 882 258 571 271 366 288 526 658 410 879 752 733 34 915 297 491 106 876 733 193 446 73
141 791 326 942 894 721 609 286 554 548 895 185 421 585 209 107 610 84 717 72 554 683 579 824 354 6 156 574 219 400 945 202 501 746 819 553 69 638 62 748 95 650 592 877 120 525 58 339 638 319 127 940 303 235 539 249 391 256 625 712 961 336 450 453 264 577 897 263 453 87 289 167 148 923 703 356 139 865 208 445 358 557 127 436 481 74 485 801 667 319 43 842 813 754 658 939 588 64 217 663
836 216 927 721 2 64 619 680 148 115 131 919 799 423 747 515 871 101 965 990 762 66 585 798 3 444 127 861 687 320 239 823 244 778 828 15 463 176 305 226 911 558 41 474 246 396 865 571 86 486 820 943 537 638 810 738 602 165 41 729 331 593 611 105 585 771 253 477 999 379 930 214 420 787 663 277 841 359 133 70 759 279 994 891 376 42 381 655 246 963 399 155 299 968 890 486 203 520 719 389
991 614 937 377 837 184 418 742 308 784 525 184 971 866 346 139 853 687 184 526 249 174 165 788 97 684 681 256 9 840 85 470 528 323 594 989 631 945 948 330 190 894 482 867 158 636 362 366 596 725 31 938 822 664 895 952 475 722 336 246 691 267 901 979 219 971 620 708 910 161 771 240 668 67 203 669 136 980 656 839 700 62 15 217 460 199 560 945 452 509 630 302 956 147 740 874 506 990 901 821
723 750 430 100 968 893 775 59 778 460 28 519 353 370 573 401 416 845 719 560 630 703 696 986 431 492 791 6 321 255 537 297 350 509 701 825 602 221 915 837 322 505 775 708 132 270 278 687 911 344 231 128 456 309 150 320 389 582 929 90 497 442 422 988 837 533 962 553 447 537 341 530 802 262 96 787 521 818 155 492 367 398 45 713 429 915 805 429 826 993 221 184 524 541 667 80 699 62 625 324
886 278 160 180 422 640 245 212 496 353 589 711 646 543 482 523 665 73 954 883 286 559 319 958 568 888 246 73 445 199 729 882 140 426 354 702 164 31 779 148 644 826 320 727 185 135 176 679 25 752 766 542 674 713 857 812 476 699 774 334 945 265 110 156 712 594 83 334 766 406 455 105 515 341 381 758 247 874 80 940 359 904 383 295 929 225 597 454 505 806 205 789 620 905 680 627 121 281 81 785
614 996 537 339 58 717 921 217 419 529 771 219 477 306 150 818 119 37 661 635 241 590 728 605 30 747 923 992 639 649 528 838 964 535 529 46 344 695 895 302 638 32 334 463 677 928 137 532 650 57 369 213 164 62 464 581 400 8 352 603 388 504 736 420 11 214 134 910 440 413 35 577 350 882 971 821 155 771 668 871 434 587 297 900 430 20 487 440 754 871 17 19 406 319 913 346 602 20 219 458
991 549 407 766 379 761 644 616 94 770 518 783 926 217 831 810 470 65 849 403 13 537 821 255 66 637 870 982 523 713 314 86 363 497 511 392 673 585 194 263 85 739 490 833 534 717 153 328 851 503 93 998 866 239 935 291 927 19 333 140 63 627 137 785 309 851 874 547 692 203 561 90 676 873 777 727 993 692 232 683 544 930 685 414 184 585 36 336 110 18 552 920 97 864 342 5 457 40 793 580
814 624 961 110 856 691 225 171 37 914 305 907 36 477 466 888 839 946 788 878 399 99 293 581 415 600 258 765 181 451 104 415 583 476 776 504 366 614 174 497 169 7 348 621 413 136 538 115 983 857 230 164 519 85 886 851 218 724 719 291 835 257 791 581 668 339 534 601 153 229 842 199 262 815 380 421 456 375 811 46 158 877 517 190 467 239 28 967 573 750 570 115 318 902 39 626 456 615 604 1
996 425 376 594 209 35 694 469 678 481 124 429 384 737 987 577 575 389 877 157 91 360 826 816 67 651 244 321 977 568 847 61 117 397 812 55 581 648 649 141 494 394 849 214 400 144 69 314 377 206 176 4 723 675 858 369 562 994 227 702 882 950 176 13 124 146 204 452 649 139 6 899 770 681 917 793 837 34 645 442 405 135 510 115 400 400 355 118 651 828 997 995 47 838 277 92 770 163 971 445
700 219 68 94 294 123 223 285 594 31 343 231 514 224 251 849 104 674 269 554 234 3 921 753 22 184 300 907 290 113 610 773 56 349 594 5 119 481 585 889 650 652 612 429 123 409 701 343 13 196 27 148 309 103 380 402 154 998 115 170 427 62 311 767 770 857 987 934 519 793 527 442 903 73 596 15 697 846 185 578 229 951 238 844 426 41 938 751 420 661 101 643 606 239 518 691 14 816 592 968
550 778 568 488 252 182 785 522 268 556 466 93 573 798 408 848 66 250 520 923 207 412 537 769 11 667 773 855 221 381 994 611 740 657 343 505 176 269 741 828 792 644 589 592 281 768 18 221 373 259 384 382 751 984 195 51 840 996 902 489 66 313 842 371 837 758 154 964 307 977 777 52 809 749 135 535 103 233 715 546 238 100 62 667 570 367 987 790 826 962 388 356 440 160 724 342 226 138 14 989
341 816 828 457 227 679 352 985 177 379 131 807 86 827 534 512 279 434 527 951 32 686 893 460 864 450 772 846 193 217 509 512 422 686 623 100 706 690 385 373 309 605 436 737 31 843 488 549 931 592 430 181 460 75 538 9 962 302 387 559 527 609 50 468 241 244 811 832 953 621 353 87 394 354 79 730 146 458 853 265 230 223 174 121 708 115 591 466 583 741 217 546 761 895 257 403 148 865 490 462
18 68 293 567 196 218 735 486 687 262 93 136 971 149 151 998 521 227 770 364 965 625 585 873 71 486 459 221 25 779 988 576 290 666 588 445 933 139 288 14 625 19 860 1 710 736 389 249 648 287 157 41 773 785 99 661 616 765 426 541 857 394 769 911 917 820 591 512 808 517 534 304 898 899 154 481 601 838 170 332 587 736 681 278 210 138 524 521 94 96 574 629 462 164 180 670 504 458 264 936
115 384 685 933 722 764 715 294 350 826 771 180 259 761 94 816 536 892 343 157 464 791 747 940 781 509 971 117 526 692 518 326 122 370 425 712 865 900 237 161 287 817 827 11 694 360 309 463 269 990 646 565 386 909 686 464 449 802 870 904 117 743 695 460 149 842 329 444 719 393 936 778 54 190 125 688 996 66 975 196 27 290 253 354 133 677 758 5 629 526 267 384 33 856 981 80 986 195 455 366
413 533 619 140 805 503 748 360 605 211 761 970 403 691 287 572 896 851 938 146 465 353 546 131 286 650 41 669 876 679 152 747 827 465 568 25 352 796 96 392 302 119 294 518 363 431 837 76 32 792 712 834 990 166 745 734 324 721 982 155 827 704 782 327 759 49 479 174 945 150 784 108 458 318 466 404 381 470 456 861 663 468 817 422 80 419 816 106 276 288 171 801 106 533 60 8 592 819 401 514
104 245 553 962 299 980 575 146 873 453 908 554 607 989 459 480 911 234 373 357 305 765 233 361 940 142 552 89 713 28 75 104 52 927 262 669 302 265 768 638 701 87 433 454 73 586 998 802 321 67 488 360 673 804 881 512 468 877 959 245 579 877 546 929 946 741 58 43 73 874 715 602 271 554 678 869 398 360 712 922 906 798 263 68 239 120 886 650 550 109 159 345 264 846 292 0 616 982 124 164
933 276 63 334 749 923 824 728 822 0 582 875 12 654 337 934 216 625 555 63 882 444 201 835 159 203 266 367 262 844 426 31 388 999 197 968 789 216 550 890 122 637 118 850 650 314 499 55 748 698 126 178 606 809 341 135 984 995 409 461 561 254 763 181 796 60 112 885 384 30 880 464 473 534 609 241 897 773 341 580 569 768 333 481 580 588 219 65 305 85 29 214 778 701 442 186 89 860 348 750
893 390 50 781 387 57 116 269 974 978 923 88 330 601 253 949 577 778 311 191 636 656 962 127 457 912 646 259 480 704 419 780 168 665 266 715 109 126 309 658 751 173 161 582 903 342 862 991 604 988 924 798 951 343 574 177 863 748 372 385 411 755 628 935 164 21 332 403 78 970 333 91 603 303 104 204 760 84 646 333 260 719 230 390 811 422 238 811 642 891 157 767 436 978 847 917 239 592 180 381
840 30 620 858 597 755 484 49 886 847 356 552 894 840 763 321 200 252 582 450 283 221 795 424 846 867 827 437 883 189 338 889 769 200 890 407 619 222 423 953 936 356 829 583 312 315 341 644 869 697 625 623 174 926 101 271 240 142 970 50 808 181 897 564 527 694 456 949 733 499 755 577 373 787 173 400 665 496 334 757 894 642 202 110 386 376 693 19 358 563 371 866 830 158 172 716 594 809 183 466
809 965 168 941 895 590 339 106 568 758 330 700 999 214 571 813 986 605 162 845 734 408 829 598 39 554 684 468 172 495 973 749 696 726 53 328 457 840 537 188 841 405 590 540 440 943 229 40 310 867 589 301 860 932 192 37 417 172 860 911 22 304 837 885 276 59 717 216 481 717 564 616 535 813 601 601 177 536 72 818 221 78 27 311 549 500 336 958 123 134 77 327 567 561 177 614 26 712 745 204
880 903 31 851 599 307 222 346 695 374 39 427 991 976 263 653 433 839 208 953 324 105 114 291 198 780 198 560 30 930 662 587 151 730 381 563 620 763 8 896 871 326 814 312 316 291 792 415 479 626 0 337 384 154 793 406 666 596 576 621 658 832 551 681 877 471 979 568 303 324 604 620 440 59 499 390 551 442 29 757 564 9 889 35 912 171 838 937 902 364 566 697 762 708 585 125 112 290 384 133
516 760 407 996 745 379 790 635 314 727 762 156 938 980 711 34 664 249 104 53 825 642 853 500 229 93 762 154 416 711 544 309 981 198 838 910 280 163 575 892 769 627 577 76 204 705 152 288 560 328 681 533 798 879 446 814 699 567 245 586 823 223 920 644 464 390 238 356 919 383 422 505 359 691 35 246 85 555 865 522 74 817 669 211 12 895 39 78 729 329 209 971 234 21 840 823 99 867 824 152
158 143 657 617 195 518 191 65 223 548 599 740 848 482 520 573 275 96 953 370 30 544 370 474 972 60 749 217 438 204 866 634 698 218 384 988 98 672 580 55 492 790 237 915 662 190 66 974 121 94 416 629 851 689 602 763 549 856 260 882 930 830 980 280 790 242 75 547 625 232 473 100 181 528 713 576 188 146 116 320 473 282 271 199 466 293 649 501 821 675 892 492 531 459 407 263 124 551 276 705
5 929 931 705 930 757 598 144 798 834 980 165 264 693 363 994 641 802 196 154 788 176 965 977 858 463 249 954 295 162 591 948 967 540 865 743 743 644 800 258 680 842 990 607 427 158 892 489 147 794 15 818 69 458 882 429 103 28 588 448 477 832 588 667 932 40 773 440 755 242 992 842 787 53 604 567 699 764 212 619 50 670 83 955 428 875 853 624 369 265 833 937 948 88 449 432 297 390 882 273
26 336 921 192 871 130 29 925 571 661 846 488 692 332 596 228 329 235 81 844 224 280 820 391 423 613 781 24 51 362 919 842 408 698 143 517 6 170 614 851 373 111 252 586 422 802 792 169 932 986 651 123 167 346 817 682 666 144 324 95 942 467 479 802 168 21 299 963 39 103 830 527 251 121 655 215 416 812 663 600 420 41 763 359 848 57 374 18 562 769 968 10 683 129 184 666 254 193 474 697
759 952 137 578 641 654 417 773 574 219 510 345 773 952 466 172 424 112 956 152 173 440 548 310 524 230 801 574 158 639 157 710 965 132 415 727 904 705 700 680 528 845 211 454 457 336 865 401 72 63 236 344 756 829 149 959 753 451 134 473 1 6 345 63 422 324 447 711 992 153 755 989 356 338 257 561 511 896 737 432 24 999 424 483 578 590 315 967 716 844 343 601 736 568 210 953 949 638 371 742
796 837 31 727 553 865 70 829 475 213 242 558 461 319 172 623 73 460 533 875 903 972 767 740 918 470 36 474 304 480 177 142 276 722 293 291 60 12 845 465 377 688 121 245 347 378 592 789 96 438 61 967 774 467 566 580 836 883 826 940 471 473 251 242 997 982 535 85 628 194 803 934 647 982 829 722 446 831 448 108 231 122 251 774 275 557 985 481 792 914 453 182 531 352 476 764 679 219 393 270
490 50 167 626 968 969 624 10 959 897 513 578 327 7 797 605 837 459 786 814 493 958 854 350 411 846 737 138 470 681 290 230 382 914 359 62 770 718 783 507 530 179 364 593 859 858 112 501 788 558 993 159 305 491 835 76 117 556 572 851 781 505 72 755 467 507 197 629 786 501 714 644 855 101 78 224 532 286 387 327 257 896 693 104 465 806 542 817 525 826 832 39 421 24 581 480 544 87 863 785
600 176 448 795 356 823 352 182 24 259 245 183 90 643 547 54 324 43 315 390 49 459 204 721 466 721 658 557 805 79 872 521 114 315 109 790 914 951 23 618 604 875 548 190 580 727 170 364 388 961 740 868 429 940 571 499 879 768 107 728 465 696 483 661 713 742 79 102 467 16 282 95 907 177 554 724 805 372 600 838 907 443 378 570 120 972 457 515 785 586 859 578 973 424 469 189 558 590 414 599
387 897 932 195 162 428 478 1 258 99 95 771 498 216 988 647 60 415 239 944 234 400 380 765 381 688 413 334 172 418 852 4 257 751 31 288 245 384 482 102 19 795 539 375 235 839 962 899 724 687 962 292 2 171 275 554 243 187 967 150 552 452 152 108 565 129 342 799 699 677 333 186 747 901 590 216 845 514 85 548 966 274 141 936 598 276 459 396 823 786 976 111 258 831 927 604 868 707 626 949
768 937 702 629 574 437 156 887 77 897 224 466 886 470 885 114 719 287 115 302 309 102 875 4 93 944 58 378 301 756 660 991 945 802 972 810 36 120 881 374 761 811 331 13 249 230 422 347 355 250 460 136 807 553 390 907 607 459 264 489 477 876 513 393 15 231 820 857 813 951 426 95 536 736 201 512 99 183 235 882 497 443 136 653 559 990 126 59 595 709 246 51 693 323 887 97 704 687 78 905
375 868 366 617 857 187 867 388 622 759 159 734 871 576 985 470 119 959 866 620 713 245 24 62 714 514 693 174 142 276 782 55 263 656 648 172 162 823 926 102 565 192 508 887 676 70 80 804 197 351 567 107 934 77 416 59 158 359 797 696 116 870 803 551 736 294 590 171 853 450 91 575 715 900 366 617 987 30 156 982 557 749 747 828 655 86 271 574 469 254 328 346 999 345 570 815 271 172 730 193
875 193 923 471 348 112 441 81 332 166 537 196 861 109 351 784 792 139 881 103 267 572 990 905 422 221 147 362 324 693 74 117 265 464 595 343 303 516 490 511 661 979 646 455 129 762 665 735 872 481 355 390 480 835 31 999 567 808 659 60 481 538 816 299 518 4 418 332 311 118 418 900 413 869 331 686 562 340 345 767 518 941 18 785 3 679 885 918 37 525 897 558 215 604 909 545 308 498 148 658
264 563 924 701 387 22 75 17 447 480 27 839 906 565 857 154 396 967 469 170 720 14 801 634 387 343 660 214 181 156 265 712 673 202 949 672 482 462 110 482 337 547 559 422 689 629 197 203 711 230 866 103 383 601 426 418 144 390 261 202 364 646 263 425 939 161 432 981 913 808 536 171 861 279 800 535 662 667 862 101 281 715 546 248 497 998 0 310 612 201 744 100 648 1 278 799 302 589 102 603
764 474 569 492 166 910 791 498 359 291 278 807 448 51 701 533 197 626 206 243 291 170 482 505 153 459 142 86 110 144 411 294 466 576 604 794 883 984 411 687 866 331 838 764 652 514 846 142 219 786 755 669 897 425 405 998 738 161 630 245 366 917 821 740 361 996 731 324 484 48 703 64 441 805 991 119 260 641 85 64 676 84 308 320 697 174 542 862 180 230 453 765 8 798 811 327 436 771 133 36
784 305 368 880 635 590 639 991 647 197 500 125 469 885 439 834 170 865 568 853 244 17 896 728 128 301 223 19 609 88 973 32 332 176 663 744 919 457 577 387 453 445 685 732 960 181 392 172 932 659 383 655 805 573 4 101 793 606 835 683 15 846 464 82 725 951 577 85 461 338 651 52 346 594 561 197 436 39 870 386 364 501 381 636 49 938 32 261 578 775 230 728 536 310 550 234 828 105 962 210
360 155 470 132 787 206 698 649 45 192 789 76 657 716 683 562 464 156 361 378 589 103 783 281 920 625 520 974 352 318 700 14 543 815 483 750 28 283 967 906 350 643 352 542 435 421 533 735 789 803 427 244 761 446 146 815 620 969 449 362 852 607 906 169 960 507 588 650 517 463 206 42 965 438 420 831 172 523 775 955 237 940 746 189 649 913 785 613 558 223 274 139 421 250 71 22 574 777 849 365
100 100
226 124 776 402 303 126 26 240 536 944 287 203 661 485 553 325 907 858 763 886 879 899 448 883 740 662 781 564 155 900 501 109 392 558 146 144 794 249 575 251 5 951 33 915 974 129 112 498 943 956 501 273 269 574 443 444 636 497 815 413 17 417 637 922 366 222 425 76 109 787 960 232 345 895 691 226 816 523 786 481 968 788 151 299 769 141 119 619 74 392 540 295 824 706 929 747 917 724 767 989
949 117 396 206 988 974 82 804 121 446 42 898 975 22 925 949 219 62 266 607 591 694 673 996 960 890 109 649 563 359 788 330 245 768 964 71 263 213 463 506 540 493 558 859 711 240 771 162 694 167 152 876 506 220 405 601 975 344 204 671 881 981 302 374 39 263 416 500 952 439 292 160 527 561 565 754 581 742 52 388 429 488 310 291 893 808 903 473 493 337 807 408 630 890 494 900 735 335 557 740
594 624 143 924 786 864 21 46 312 609 783 727 266 681 549 538 111 957 502 739 44 494 697 933 264 899 20 715 168 567 374 287 613 862 100 635 154 622 924 222 526 247 505 928 371 254 747 765 860 501 970 323 863 613 819 346 345 217 585 186 785 708 719 602 77 522 572 116 711 914 578 424 163 797 451 127 453 425 971 261 633 542 245 111 212 689 165 587 277 605 419 73 257 794 102 265 812 93 315 814
101 772 897 797 942 93 58 441 229 55 156 423 493 742 376 60 750 289 182 683 703 351 66 716 46 249 942 754 254 723 948 744 794 273 993 40 260 361 188 725 954 664 935 505 442 899 240 296 102 934 569 911 477 846 562 634 332 696 940 98 947 793 878 25 845 673 975 187 410 251 807 99 695 166 103 588 581 390 967 50 398 275 858 718 7 825 134 847 672 933 966 587 482 210 88 685 406 645 852 684
804 191 963 112 437 791 236 223 780 969 738 195 371 329 809 584 241 352 846 529 607 176 106 170 603 770 222 385 242 346 22 387 277 854 436 762 900 699 121 514 302 585 453 425 304 910 400 848 702 756 307 250 566 516 984 327 599 449 739 26 739 872 215 261 689 728 397 344 830 674 510 622 699 389 798 819 847 635 618 709 740 388 512 244 694 30 910 583 252 298 430 115 610 324 74 749 780 151 398 350
900 480 252 427 567 447 837 772 612 972 890 203 594 713 883 811 972 547 571 93 318 764 602 252 814 575 190 835 497 974 410 156 11 623 508 841 432 506 728 779 127 900 323 286 363 797 760 953 371 913 104 680 141 536 982 983 912 470 920 348 355 762 484 568 158 42 304 518 505 965 26 940 134 201 842 529 436 645 783 982 546 433 25 193 512 670 185 672 50 693 680 77 959 510 511 594 588 390 559 12
862 291 786 209 582 798 743 298 514 969 721 599 826 988 352 53 407 494 357 552 99 108 835 100 682 390 992 882 438 857 102 717 740 263 55 285 495 475 236 475 847 685 990 669 541 658 122 221 916 941 66 269 452 171 956 104 814 228 951 281 757 113 309 333 98 69 761 162 610 364 668 325 686 799 769 765 905 448 755 226 971 523 614 17 939 135 51 2 134 271 340 597 504 75 540 200 461 281 527 464
983 785 266 475 913 610 21 839 350 347 396 106 524 882 960 82 206 863 983 95 774 470 875 567 921 793 492 409 556 734 685 470 247 386 998 537 842 128 705 697 572 498 778 499 582 708 448 351 175 800 48 94 591 436 765 723 400 375 763 648 456 523 235 871 202 971 922 851 267 212 37 999 598 115 824 417 78 81 424 719 141 255 748 499 224 399 170 385 30 14 703 611 977 656 839 906 975 437 802 373
106 790 258 580 931 619 469 251 971 94 932 698 732 757 817 828 200 398 149 5 928 293 857 166 436 293 49 597 693 21 557 69 94 591 587 594 926 297 889 724 175 344 226 374 531 276 499 449 136 934 475 977 482 3 193 876 772 543 165 364 972 411 34 648 836 780 979 427 683 483 58 427 551 638 215 885 648 39 550 794 400 927 171 131 167 655 22 337 791 715 197 947 809 9 717 759 168 987 128 111
785 729 688 740 461 292 403 949 589 496 357 802 33 152 290 924 815 344 933 505 337 623 906 143 782 38 102 820 521 961 76 36 948 279 871 435 87 423 523 520 975 242 234 392 205 285 863 437 658 782 803 56 298 698 733 4 24 65 114 519 806 124 967 330 128 642 387 389 158 281 230 138 144 158 716 698 112 550 108 562 265 226 299 837 464 217 638 556 355 156 477 114 534 45 926 574 325 400 259 186
313 358 75 839 779 727 363 442 204 907 44 964 990 492 2 296 813 851 892 235 385 827 516 243 521 981 829 471 112 13 311 860 896 838 465 481 302 389 973 54 23 264 639 82 680 528 443 168 735 316 986 221 183 840 735 898 178 603 890 605 718 850 584 231 700 935 864 555 425 337 900 476 907 225 444 117 380 413 565 134 583 870 33 314 212 417 173 399 456 619 248 637 879 938 481 115 866 700 643 83
226 371 121 215 578 155 278 486 769 679 148 634 103 488 925 607 192 392 729 301 667 908 474 485 659 964 586 968 420 873 416 807 582 110 819 420 298 363 394 930 932 692 457 575 535 42 546 539 567 162 74 848 593 105 552 349 28 327 315 65 147 276 351 823 868 565 596 2 556 218 410 345 498 921 591 548 690 293 123 659 159 13 210 174 658 878 248 409 972 733 862 874 635 411 899 615 899 695 781 610
610 193 749 375 602 197 600 462 915 693 145 395 739 515 177 294 751 839 661 606 13 706 840 719 186 41 538 949 105 5 994 136 387 897 281 971 995 697 835 790 575 985 791 723 477 983 34 683 458 975 529 191 473 424 578 402 119 505 274 229 446 661 231 600 987 544 715 197 581 729 300 390 450 52 672 429 42 733 317 881 285 791 710 933 874 697 460 30 522 808 917 159 4 597 32 204 823 81 196 77
590 120 437 554 338 890 883 885 197 969 173 591 709 831 79 794 584 579 384 332 344 25 66 690 33 932 513 416 209 845 779 194 123 537 564 766 934 246 207 817 369 742 532 544 558 112 123 509 788 995 266 606 821 372 565 728 641 799 735 210 96 122 39 415 331 105 186 38 620 11 925 488 582 671 218 897 663 73 477 559 774 35 972 844 683 54 515 51 225 598 893 65 345 884 387 139 983 218 45 3
755 561 475 228 647 609 628 419 744 425 102 964 149 369 660 592 813 46 688 821 183 476 264 295 945 62 336 31 521 77 982 173 692 598 219 179 151 213 644 381 246 474 204 16 313 298 299 450 724 381 646 642 654 352 764 889 822 492 656 974 195 792 208 711 127 132 460 581 36 520 822 174 402 843 161 111 459 386 926 762 31 978 747 537 288 466 999 745 284 643 203 134 880 946 971 664 926 596 131 601
548 654 64 47 85 755 426 258 453 986 949 444 647 838 645 327 64 395 277 919 268 271 702 615 338 986 906 496 500 315 965 928 103 925 518 935 794 954 169 282 964 815 6 740 544 437 375 191 964 375 277 661 312 209 854 460 709 1 773 757 821 322 40 34 72 757 623 941 71 850 735 526 868 872 58 587 816 13 658 662 421 302 74 543 204 694 981 273 918 724 787 33 28 59 545 817 117 72 868 139
177 192 948 45 127 527 661 839 783 232 496 947 553 689 118 619 649 677 205 852 101 737 490 440 625 583 817 931 412 729 732 853 679 328 165 926 65 811 584 470 430 306 960 501 391 12 963 520 937 508 394 983 646 162 46 568 912 83 625 23 325 687 991 609 249 919 357 87 464 886 166 955 935 94 469 24 498 265 387 758 609 331 899 367 936 342 840 248 413 109 840 811 435 584 260 366 940 532 679 171
202 469 60 739 764 635 560 763 467 31 45 186 38 816 953 556 462 598 802 202 899 386 326 134 264 906 450 906 149 644 612 133 665 150 172 264 871 907 295 626 81 816 230 715 233 193 151 414 329 869 548 448 407 401 821 885 890 919 825 734 730 283 673 194 648 501 501 478 57 761 66 628 16 487 752 199 196 228 509 979 273 382 574 764 494 670 723 21 419 997 694 368 264 600 989 312 539 677 588 184
432 991 441 7 749 602 416 908 169 776 138 497 537 301 416 880 972 29 270 213 306 711 710 973 718 217 218 910 449 280 557 264 679 780 292 657 839 499 190 664 99 846 934 490 145 178 786 217 725 686 978 504 389 139 508 865 513 505 833 673 133 447 427 350 830 902 799 126 843 850 457 251 631 90 664 486 426 814 102 747 194 451 840 574 668 542 692 555 259 649 322 883 462 349 845 700 359 72 878 835
948 609 372 438 850 724 337 348 963 616 151 705 212 915 399 830 644 717 367 328 53 701 837 226 741 838 153 973 362 815 473 302 817 735 517 13 741 198 966 190 400 274 882 987 111 150 925 127 438 453 38 760 755 207 628 659 810 657 624 477 174 343 808 241 528 707 256 189 972 677 796 476 168 708 740 648 124 386 911 44 31 775 131 504 485 936 681 698 507 956 222 826 588 17 887 938 66 188 566 987
957 78 241 467 979 703 443 714 694 211 419 878 366 798 536 159 552 912 254 193 98 643 728 39 580 657 235 817 37 854 482 586 1 122 492 0 301 798 41 804 838 16 974 746 718 993 123 301 271 595 691 186 218 738 905 621 73 904 357 887 534 868 289 12 49 695 331 280 326 868 139 411 418 244 588 64 467 596 608 924 824 102 103 774 63 618 128 361 831 959 888 678 716 428 468 70 835 61 910 665
477 596 844 41 267 756 670 588 810 954 292 403 115 968 642 327 258 22 607 362 925 297 892 396 38 727 637 603 463 219 442 524 428 500 659 712 197 94 856 553 957 622 478 505 417 42 598 873 903 233 819 346 976 388 557 52 727 58 332 291 454 587 7 213 529 393 913 281 867 978 65 451 458 353 217 602 96 772 294 421 100 316 455 4 969 888 492 960 775 75 368 922 315 392 116 979 521 877 618 776
960 777 232 111 565 1 529 850 763 35 718 523 45 902 831 506 662 2 338 37 73 276 935 832 894 310 312 993 766 318 348 336 393 677 336 896 0 650 596 203 406 51 426 351 801 215 128 617 262 951 440 675 495 865 877 403 303 230 515 159 446 751 42 16 703 836 687 809 596 491 339 991 529 60 594 899 517 775 843 127 744 673 923 700 786 274 832 72 340 457 592 757 189 745 325 111 851 985 479 976
614 957 896 14 31 131 678 645 832 766 466 537 446 290 351 894 967 818 599 749 186 952 191 512 79 978 669 847 525 579 83 324 201 754 787 919 412 990 709 324 721 903 637 537 265 705 268 860 831 771 751 880 176 416 503 857 805 324 496 511 82 767 569 559 501 732 556 836 415 337 221 700 48 397 475 288 949 938 12 537 60 710 827 128 547 31 26 782 478 453 288 757 548 292 317 63 937 421 748 439
285 762 347 73 604 815 75 272 583 415 552 742 775 876 210 159 733 638 873 616 961 571 36 229 9 950 807 364 117 43 591 604 46 400 369 712 778 767 670 442 604 16 319 269 979 674 125 563 182 230 311 933 352 331 14 169 589 778 30 328 427 479 458 330 30 457 524 876 700 816 286 600 101 643 82 819 508 438 752 79 630 381 537 588 79 238 147 381 246 942 212 697 751 960 467 214 814 803 383 402
220 480 542 781 654 767 667 150 190 924 290 554 295 715 996 780 90 592 986 916 589 853 115 0 743 814 944 643 433 491 419 377 222 584 717 763 569 234 526 769 370 153 514 690 942 605 39 720 477 962 813 843 973 512 144 76 528 750 184 712 856 412 302 386 415 974 584 170 389 806 448 405 5 701 836 282 710 229 345 694 19 605 222 397 253 107 460 523 613 112 791 70 32 950 776 31 896 451 778 941
285 768 926 975 796 477 844 567 648 506 748 389 396 661 862 90 25 210 673 453 311 374 539 204 74 271 752 961 127 36 384 578 595 993 811 181 861 288 514 853 705 537 162 791 590 722 952 877 96 857 323 4 856 34 426 86 990 439 607 613 641 9 448 532 73 396 158 712 328 666 648 600 534 891 587 292 248 503 283 695 463 814 766 999 909 972 121 115 640 782 724 500 531 949 936 846 876 476 507 261
316 742 67 13 809 400 944 188 622 417 395 658 370 87 821 538 459 24 647 860 120 966 346 279 352 802 620 787 26 951 107 701 32 229 617 673 201 708 917 39 376 155 291 552 509 552 882 556 948 293 735 540 829 239 592 94 567 105 998 779 199 995 539 138 56 287 327 919 664 997 459 199 363 150 957 237 405 121 930 902 9 510 423 125 308 369 421 732 819 233 494 28 394 725 37 780 489 17 173 987
44 432 953 959 950 837 961 454 52 780 322 705 36 579 286 741 718 360 375 322 411 10 414 55 898 821 330 57 899 791 213 849 311 181 301 476 423 166 355 731 159 411 496 116 756 838 472 260 672 201 407 671 439 591 344 188 563 825 510 374 369 33 164 313 692 563 510 992 153 938 335 18 462 301 391 990 925 258 524 8 450 126 851 939 90 837 723 232 125 918 18 90 679 841 186 142 152 635 349 444
658 205 57 620 426 45 808 116 917 387 12 200 768 919 334 395 812 565 749 342 875 582 677 142 797 794 956 980 235 868 748 446 464 225 386 154 142 697 672 824 490 888 572 261 126 317 902 589 53 301 828 43 822 168 641 601 397 116 334 488 385 517 776 642 645 71 316 651 297 515 455 46 381 411 196 493 673 543 732 512 148 567 40 378 414 267 313 256 62 344 267 687 362 744 894 416 597 941 203 224
794 619 710 350 7 623 284 536 96 566 695 53 992 696 164 426 332 777 16 669 398 424 156 645 4 837 217 624 699 652 204 667 755 982 221 844 28 943 122 100 540 21 812 803 377 875 839 429 706 41 100 447 637 502 723 474 934 570 583 286 329 804 602 244 676 590 358 106 88 405 380 163 474 551 965 9 398 22 716 600 282 897 607 686 198 890 449 21 390 401 973 284 441 71 912 388 943 434 269 362
862 248 446 278 311 889 511 44 900 261 559 408 978 858 851 912 802 208 235 671 80 404 112 33 420 28 948 350 496 531 141 840 616 156 499 332 349 471 971 161 500 179 683 533 750 384 694 102 590 4 824 738 394 9 460 133 837 534 149 409 961 689 901 252 56 629 8 808 416 690 147 392 500 698 653 150 591 219 428 734 691 281 659 922 94 713 245 45 646 269 481 447 506 566 126 200 810 646 828 663
681 314 675 277 753 910 160 394 388 940 115 686 547 642 452 935 944 491 13 181 246 713 491 884 239 949 276 544 724 451 373 498 900 97 726 954 318 319 614 689 264 660 201 278 798 185 196 97 634 606 520 419 212 712 948 928 509 898 281 812 900 8 757 954 803 251 428 55 0 816 858 326 534 51 622 571 34 700 23 561 668 125 366 735 893 274 338 59 148 47 752 840 206 299 361 27 555 908 450 871
701 169 522 444 863 29 908 120 410 242 772 209 838 983 33 929 905 401 618 216 132 341 931 103 803 221 966 373 817 20 399 416 230 834 256 539 458 425 890 568 612 414 79 502 618 407 63 558 775 733 194 326 604 862 811 539 938 481 695 597 615 495 630 812 633 548 9 537 982 331 855 223 675 77 220 146 751 970 16 810 618 658 65 755 978 34 641 990 848 160 305 56 245 837 530 864 475 686 335 833
337 215 408 296 328 475 360 872 717 77 773 249 486 755 135 844 181 315 155 110 11 631 168 106 725 566 714 43 125 896 17 982 498 882 789 453 279 64 190 655 140 516 799 712 920 894 383 605 628 761 40 892 200 46 750 509 991 550 477 79 132 824 138 919 382 908 307 895 160 894 494 509 285 477 873 201 294 698 823 389 302 200 658 943 234 999 416 934 31 293 814 622 466 218 941 39 465 139 338 511
626 256 866 95 640 408 427 532 962 440 169 514 72 221 733 717 471 361 468 560 753 163 171 504 654 190 811 752 24 945 876 662 655 517 546 623 667 754 282 898 326 920 582 867 738 948 656 838 15 804 455 28 70 854 78 725 771 451 236 638 945 479 933 355 689 874 162 729 10 271 327 70 820 887 582 287 131 681 259 460 604 594 382 408 397 460 610 910 353 997 708 992 169 210 818 755 620 956 850 967
948 471 273 79 50 250 944 368 778 537 458 524 420 608 167 326 348 271 674 489 583 415 441 995 195 854 569 219 850 114 652 864 507 552 272 395 406 401 489 664 99 873 198 555 136 56 922 442 713 767 504 498 98 560 643 949 954 51 718 908 426 894 456 914 288 556 383 678 706 413 673 918 545 46 908 854 709 254 291 653 599 405 657 662 832 582 443 642 252 949 553 806 603 285 439 11 135 134 396 441
714 487 62 678 764 536 326 133 324 286 656 469 443 365 253 658 819 827 142 216 406 856 24 543 805 861 675 43 332 338 7 78 939 916 182 367 510 915 208 72 218 853 299 876 822 292 167 744 718 115 941 705 774 220 377 148 814 927 899 398 48 707 641 864 723 580 454 193 901 483 15 366 125 685 689 10 40 687 815 349 485 631 29 283 10 183 145 705 23 318 286 259 233 748 697 796 67 462 57 802
193 875 12 793 229 400 117 743 371 447 594 289 94 594 631 765 86 29 288 911 527 614 103 433 511 660 419 365 965 356 177 589 808 125 414 951 621 426 177 718 261 33 850 358 883 27 737 404 708 231 694 954 462 905 203 556 735 198 166 900 685 238 966 70 399 229 521 63 715 273 671 198 403 631 80 775 80 860 141 376 116 310 776 15 674 763 923 18 515 605 19 209 255 539 950 263 118 257 458 210
704 774 973 96 195 408 123 662 77 899 681 568 244 85 545 335 566 726 444 836 58 793 489 186 26 384 532 311 648 674 209 549 869 188 221 162 628 685 34 907 433 139 997 680 460 834 613 49 579 435 274 217 526 61 911 375 244 90 89 764 847 54 85 826 531 527 353 643 689 795 583 280 232 726 97 581 919 814 319 596 794 726 604 107 547 372 922 557 876 607 374 198 978 334 177 669 883 296 306 799
226 583 577 600 316 410 464 894 574 135 15 14 857 617 63 976 496 266 149 937 554 280 617 157 912 58 670 715 1 637 128 153 977 219 402 920 557 86 297 391 541 774 60 150 133 148 859 657 767 267 675 796 44 791 246 102 523 732 4 718 658 69 441 452 319 367 297 376 189 441 567 265 209 356 578 717 393 750 766 29 995 841 522 969 194 241 459 543 492 393 176 651 690 780 985 112 184 156 415 542
833 227 322 670 228 620 744 458 82 17 1 897 903 849 815 685 797 69 875 32 465 336 308 782 368 156 711 624 817 893 644 867 390 804 731 79 60 127 50 68 255 120 598 327 751 284 672 960 943 836 888 715 891 796 951 520 906 690 548 351 87 534 526 138 42 742 344 494 772 142 130 268 810 710 190 283 323 282 734 220 594 733 292 523 468 983 557 823 373 994 3 414 687 623 344 597 550 649 34 887
43 498 394 89 808 339 931 795 869 521 499 822 158 346 714 733 485 957 764 657 982 321 804 563 212 792 147 149 556 475 41 540 831 193 725 335 903 581 482 395 100 588 93 371 169 72 730 211 122 420 81 72 779 283 145 727 924 302 807 969 357 62 729 311 623 233 381 176 984 896 829 971 988 510 806 231 386 639 22 395 340 503 6 607 370 593 653 367 469 388 214 215 340 345 357 491 35 270 809 410
289 536 735 697 312 953 717 840 806 50 792 849 11 703 747 183 612 920 670 204 929 451 370 896 842 613 590 856 284 31 871 323 254 362 381 638 692 54 661 678 621 88 239 819 585 46 789 376 826 310 915 482 295 922 702 197 245 173 49 296 442 107 865 103 601 587 242 721 899 893 932 122 274 24 156 113 579 289 215 329 209 915 581 170 576 483 270 758 39 346 836 910 266 688 444 184 854 715 154 946
391 231 302 845 265 48 412 419 404 637 625 969 160 244 191 927 332 568 168 540 336 47 642 165 591 116 171 953 654 768 280 368 720 60 553 15 640 640 822 695 958 280 393 429 512 7 662 184 771 164 938 12 908 234 797 329 384 82 798 873 761 303 680 752 86 863 993 832 356 187 694 241 938 475 900 479 547 629 277 266 123 593 668 321 173 46 728 315 676 117 838 628 429 833 74 357 694 425 321 260
724 345 596 790 174 858 514 958 744 782 993 30 945 303 272 85 13 310 417 372 937 311 545 696 229 415 796 284 34 198 737 777 45 909 778 765 659 335 258 893 68 588 495 269 386 617 461 715 185 476 186 466 17 117 771 39 797 280 487 62 874 63 806 254 896 589 811 203 143 960 808 317 342 294 984 580 949 92 301 973 291 115 912 838 25 665 159 93 171 130 254 953 902 708 310 913 805 905 260 691
619 329 542 483 248 656 544 492 376 330 804 539 547 617 255 310 163 701 307 109 984 946 108 563 643 553 53 399 906 439 456 374 640 135 711 127 840 908 259 660 829 918 996 852 702 469 792 414 476 203 203 258 40 383 812 835 949 606 642 684 931 8 204 75 960 36 582 727 586 153 836 652 555 457 701 992 279 807 527 794 310 811 297 774 826 861 607 968 922 483 199 870 921 948 807 464 148 688 616 490
825 644 73 145 762 574 743 460 297 686 769 324 87 340 463 926 759 655 941 341 151 849 180 396 842 845 718 433 624 210 688 611 564 136 409 473 812 657 926 882 922 402 273 140 687 622 793 915 587 475 668 165 915 146 268 943 635 979 139 369 330 783 180 794 134 295 124 162 423 345 460 862 587 140 176 898 258 711 913 315 395 733 555 42 599 457 584 233 339 368 409 269 166 615 570 769 560 784 188 981
136 368 872 595 718 994 407 63 789 752 656 751 417 228 277 144 664 159 151 798 108 247 81 472 607 195 203 857 649 637 178 699 419 623 854 731 984 290 875 604 107 407 225 705 6 47 49 581 682 8 931 246 279 14 280 656 559 470 344 181 789 399 575 763 147 237 311 919 943 964 2 809 207 232 57 771 656 595 646 635 328 142 300 386 352 995 405 174 283 956 553 255 163 754 1 558 641 351 145 439
978 118 82 549 568 634 774 367 512 417 226 84 614 692 424 163 819 784 841 920 970 427 257 85 12 473 772 235 812 953 180 218 326 108 411 353 123 164 925 42 313 181 773 384 228 487 739 201 278 998 61 158 49 871 827 980 549 874 28 228 103 162 896 192 915 447 648 254 816 701 576 836 53 389 612 853 869 147 626 415 494 284 269 924 884 291 224 868 733 561 486 906 161 854 851 510 315 870 34 538
219 836 814 437 338 841 368 711 985 34 837 56 846 996 682 564 919 594 554 100 87 628 637 212 421 785 347 785 730 229 217 80 26 658 8 415 533 941 559 86 374 268 92 790 646 240 481 902 784 622 706 216 41 247 267 793 467 559 18 837 534 108 988 437 503 995 485 22 870 788 272 993 542 698 74 937 905 468 652 3 455 746 608 237 377 789 15 565 941 329 490 113 595 888 415 237 918 720 298 809
715 434 232 304 291 819 306 156 145 116 159 221 206 170 454 237 148 406 259 554 824 323 964 566 851 730 457 986 554 525 410 549 895 566 488 267 90 246 517 830 655 669 148 585 626 330 694 235 740 565 539 910 214 249 720 580 640 970 120 531 585 337 949 231 283 934 554 508 136 814 467 414 555 708 67 146 264 490 299 873 398 320 64 366 678 349 848 131 102 355 441 295 813 515 358 723 373 371 432 274
936 127 716 714 23 27 391 432 87 760 753 771 546 83 778 195 529 629 583 186 119 417 615 253 132 819 771 569 959 538 755 232 446 881 468 470 613 653 209 154 612 92 472 654 944 820 844 793 18 230 266 460 263 707 216 702 849 63 767 734 111 112 48 84 719 316 798 422 248 129 589 93 721 529 154 843 981 90 813 727 701 493 311 490 129 214 536 330 944 624 565 390 232 725 484 92 457 850 298 616
908 914 40 824 870 836 451 711 810 19 901 139 664 720 186 272 962 693 792 875 62 334 183 197 776 22 654 732 184 524 748 635 362 380 691 604 909 447 824 40 868 956 778 598 367 186 404 692 60 418 944 388 572 875 642 147 684 989 366 703 701 529 638 47 337 359 519 647 808 960 618 983 199 713 94 277 695 522 366 368 22 368 499 199 52 630 618 143 286 1 390 608 47 663 819 217 531 580 609 826
954 602 996 710 373 22 294 62 251 249 100 565 253 837 799 949 74 85 677 791 430 495 582 597 816 452 147 825 904 182 229 694 871 391 460 697 18 305 880 114 243 434 706 286 618 687 49 149 553 940 587 346 364 861 956 735 723 601 73 833 74 727 930 577 470 288 215 535 629 857 208 884 7 270 227 395 519 268 620 12 277 510 790 790 145 172 783 5 228 960 612 898 426 739 972 25 486 979 78 39
484 450 179 48 860 905 779 395 740 3 282 855 442 604 927 403 364 536 420 317 427 108 476 26 572 923 168 675 946 726 457 931 764 740 679 353 623 408 63 458 901 434 816 370 614 706 856 679 973 3 455 905 447 310 670 891 881 894 808 541 990 844 643 976 351 802 328 425 933 238 297 369 819 275 842 8 647 354 987 203 386 530 143 178 707 152 815 345 179 354 966 17 741 461 325 772 406 108 341 919
263 631 702 361 12 169 69 731 575 731 608 309 477 181 475 168 420 153 616 113 737 802 28 93 214 996 899 234 670 547 173 295 466 898 507 752 507 599 105 856 269 364 144 959 969 701 440 402 938 745 835 49 808 0 967 492 402 654 170 147 982 722 527 758 720 115 101 919 767 409 668 474 121 249 287 462 932 161 459 886 157 854 412 242 887 396 653 894 824 86 645 789 53 641 815 504 433 259 763 72
490 28 155 528 237 492 530 197 719 485 633 386 311 509 292 503 401 571 524 800 472 429 496 809 311 571 506 769 457 832 921 171 906 376 755 302 806 884 658 781 725 435 606 6 600 579 74 589 596 604 676 918 836 457 420 707 538 983 94 454 441 359 675 714 977 970 249 714 246 937 561 944 86 408 55 666 476 496 815 765 435 257 893 201 120 851 567 618 286 875 14 973 256 270 94 597 495 551 404 124
617 614 43 55 923 49 574 174 817 422 207 345 460 894 242 427 506 433 476 175 253 579 724 508 578 90 942 804 925 735 55 186 699 411 241 142 136 483 665 834 832 605 588 223 507 6 225 160 920 286 477 406 499 233 569 985 241 435 701 408 171 934 460 290 889 317 971 95 26 254 917 827 426 494 522 241 318 53 172 284 442 324 793 879 714 904 993 154 246 982 309 980 465 825 813 180 753 806 377 219
690 617 598 16 570 568 676 112 570 212 754 278 443 847 329 207 102 61 663 60 373 161 526 742 177 774 573 468 107 272 648 388 884 481 684 96 926 253 811 735 242 219 737 131 458 852 478 269 438 44 656 191 689 503 590 194 815 630 307 4 537 365 608 289 126 93 160 438 628 24 661 353 5 370 158 148 219 759 810 500 970 795 737 3 288 666 38 269 754 670 793 729 291 562 529 931 536 511 68 244
312 299 906 280 483 719 688 798 77 404 199 267 867 111 415 508 152 71 699 871 935 100 400 819 155 197 259 668 197 885 473 413 965 353 751 934 237 64 357 451 11 761 618 177 565 465 803 857 942 525 659 668 732 145 872 607 127 712 75 482 594 840 998 352 441 230 347 441 709 198 550 832 213 666 84 228 568 976 779 575 882 948 696 692 740 354 956 535 197 34 281 932 283 441 453 143 809 787 18 215
324 986 148 87 656 612 556 80 481 201 659 307 284 117 585 456 241 174 838 686 341 425 862 51 833 555 7 810 946 949 141 274 414 156 295 177 390 583 356 348 498 582 528 129 185 558 294 240 95 227 623 478 19 947 444 645 449 123 2 595 122 543 649 666 804 621 776 622 128 97 939 141 536 594 450 483 34 242 106 314 621 709 85 507 135 477 239 333 591 228 619 647 653 329 130 46 612 457 735 778
40 763 712 67 245 944 229 66 847 191 619 863 454 231 973 892 357 299 342 387 118 992 929 723 718 229 169 366 563 841 337 131 591 521 298 460 125 582 615 696 310 439 975 271 993 728 775 763 66 177 43 553 471 67 260 938 549 225 870 494 516 518 749 115 414 992 669 285 118 286 21 608 903 249 838 747 108 159 303 162 793 714 645 396 195 355 685 723 152 169 671 985 864 837 397 211 487 581 661 937
605 404 67 309 721 38 307 883 231 281 924 92 371 617 451 635 838 270 159 434 487 911 875 192 566 183 597 809 71 691 798 698 442 432 267 265 471 185 516 590 744 581 67 335 441 142 775 186 873 874 833 727 471 669 483 739 527 358 744 21 673 539 826 771 837 221 728 467 17 13 150 639 812 670 810 673 262 266 21 127 236 621 626 106 978 903 911 734 546 880 68 136 454 238 229 775 59 641 261 724
557 795 630 249 996 205 183 663 192 883 740 790 381 309 316 495 879 719 174 985 522 166 426 14 313 429 419 144 121 189 782 57 360 532 826 228 128 107 80 710 322 575 504 442 887 991 123 470 507 858 271 266 873 446 403 244 348 228 569 107 777 474 239 636 820 856 518 493 247 90 929 325 239 414 141 810 451 525 306 666 510 767 978 115 535 55 188 911 559 14 488 470 830 365 485 637 10 596 442 307
716 167 504 426 821 843 365 461 226 467 966 961 772 784 965 683 562 188 516 811 897 170 642 769 351 716 333 691 729 972 703 30 163 208 417 505 561 68 937 34 924 557 888 531 329 236 86 254 696 410 261 827 247 794 758 131 362 722 265 719 483 242 785 904 96 563 217 704 806 514 488 631 617 160 876 424 597 568 299 976 779 678 920 524 327 705 852 3 815 701 845 971 476 174 287 674 973 575 725 487
137 778 231 701 61 185 369 168 172 257 815 7 489 13 114 4 17 238 478 384 22 688 281 877 610 539 953 804 101 665 14 273 149 538 149 292 494 18 521 642 851 364 85 579 586 925 929 985 598 69 279 416 444 791 269 529 709 906 326 903 840 620 18 862 75 61 946 386 56 374 789 394 580 829 382 969 125 775 76 996 646 513 300 800 564 370 589 349 698 959 125 624 496 516 253 470 164 651 914 283
117 819 330 315 621 849 773 448 50 788 816 127 152 57 998 51 744 824 853 983 214 728 578 90 630 140 369 697 889 64 474 99 650 255 809 152 13 106 25 664 115 749 98 82 859 967 559 212 392 645 109 626 361 576 262 749 828 387 752 888 919 907 630 656 906 98 13 999 200 32 397 389 236 607 671 915 620 724 694 251 383 110 443 920 186 486 541 237 599 14 957 846 488 600 958 13 429 404 402 920
150 453 954 14 242 433 240 814 789 624 767 977 775 175 502 105 355 431 420 849 87 715 3 665 193 156 843 20 114 60 935 453 387 418 70 54 800 937 608 830 899 545 81 447 912 424 80 676 597 722 74 409 12 66 258 889 681 909 314 847 300 950 832 41 718 203 615 569 909 861 88 602 272 290 797 973 338 439 501 970 812 17 242 633 908 22 433 741 806 539 9 396 66 161 68 907 617 247 93 532
214 49 632 894 473 610 446 750 307 593 938 733 223 230 825 316 254 725 63 236 172 563 184 550 717 707 280 944 952 683 861 646 337 58 473 461 367 853 592 999 775 935 778 722 894 90 595 14 467 854 571 389 359 77 346 25 973 256 917 433 70 930 713 314 40 565 550 317 188 888 1 16 168 277 478 402 872 509 251 445 737 595 622 16 47 773 550 539 94 85 599 673 243 575 712 699 804 7 728 941
866 971 169 106 385 798 374 668 93 521 979 553 984 382 249 679 933 76 577 146 885 966 97 402 572 154 25 447 450 60 44 638 249 703 244 818 914 265 543 194 189 638 455 2 420 335 84 225 124 433 969 86 297 189 680 167 96 719 552 141 400 878 284 649 247 529 50 30 589 578 88 278 560 710 511 916 822 562 886 209 947 103 361 881 880 704 806 625 123 549 374 914 725 785 14 518 516 943 933 5
392 683 326 65 883 72 101 196 775 862 221 345 955 497 288 509 364 755 729 42 177 424 187 630 766 172 392 808 885 243 559 672 337 900 980 128 188 869 992 356 535 453 525 13 204 669 73 678 976 998 222 998 163 544 152 506 206 142 640 802 950 194 855 583 523 875 490 1 550 798 772 909 162 742 539 114 753 15 143 937 567 442 387 162 416 703 156 20 307 783 169 53 556 136 594 980 741 175 442 23
566 982 342 272 419 166 993 996 656 599 569 544 752 955 448 940 710 932 175 854 719 283 231 513 159 48 293 796 112 584 257 818 33 332 894 126 960 304 576 547 816 873 622 750 850 374 308 393 565 697 720 833 537 430 91 984 388 41 224 886 191 481 365 38 612 711 155 985 326 27 711 719 473 308 823 313 139 53 458 997 120 121 166 595 335 529 299 570 918 296 321 908 26 990 900 222 349 485 831 742
895 456 257 42 505 226 686 982 81 573 115 611 242 113 123 287 179 128 850 588 265 446 108 295 73 207 428 360 477 838 147 485 887 843 401 607 211 784 337 184 370 939 482 319 515 554 581 698 711 831 298 968 765 939 538 530 965 919 717 196 440 948 305 548 116 859 404 333 780 729 539 324 172 874 253 951 644 586 15 175 499 643 857 164 759 288 5 565 698 416 238 751 273 22 781 620 626 412 968 532
916 124 180 856 450 283 672 510 493 696 328 926 693 764 173 955 447 381 221 69 155 472 618 344 537 817 205 48 249 739 475 952 543 322 658 318 182 10 782 74 755 809 952 128 484 669 688 186 597 373 907 674 880 255 215 111 255 531 830 448 418 569 942 313 588 858 188 528 665 568 44 47 208 381 74 315 766 248 578 681 793 838 343 729 857 543 765 671 247 319 959 420 231 158 84 479 470 189 609 96
659 726 833 943 130 799 855 47 963 849 718 689 95 575 732 116 869 804 373 107 973 922 211 887 481 610 798 871 360 584 832 712 206 870 272 662 554 458 92 312 19 975 781 641 250 139 583 965 699 8 359 993 355 200 347 696 735 427 749 740 317 731 368 529 900 171 258 977 772 549 534 522 471 424 190 513 192 285 440 749 745 204 439 91 690 556 859 149 681 134 876 507 436 333 711 972 876 67 481 618
912 900 215 193 696 853 764 453 344 605 120 39 383 142 199 302 254 349 771 226 972 95 758 793 849 522 371 415 660 198 505 453 389 264 798 510 205 517 816 228 173 408 835 975 717 69 307 75 686 373 505 704 259 724 63 183 88 129 859 255 646 492 275 434 557 908 67 632 581 916 627 841 78 345 147 268 206 513 598 131 704 783 393 811 866 681 899 686 815 857 359 383 244 106 210 618 592 156 652 947
827 484 543 530 55 462 77 292 323 275 289 254 285 189 117 828 206 887 283 135 948 798 297 243 275 784 663 317 365 787 239 258 87 848 601 733 483 692 702 375 763 770 384 478 825 236 37 726 181 420 161 235 829 468 724 111 216 838 976 91 711 896 363 661 970 818 671 1 421 692 267 763 784 695 998 365 840 983 445 686 159 146 489 587 310 167 799 67 888 465 20 291 51 308 751 456 774 312 396 49
115 961 379 736 16 955 503 27 776 83 505 116 879 915 397 385 448 443 981 671 328 963 11 703 415 899 974 38 777 500 345 473 732 225 701 996 959 283 508 557 476 84 357 325 388 963 950 906 924 707 89 910 391 178 35 517 824 664 988 120 818 474 20 517 256 848 21 810 592 538 905 821 587 4 198 278 482 358 263 283 771 827 35 598 697 720 683 183 374 852 575 66 280 67 226 63 318 551 334 502
70 688 375 931 385 358 680 278 814 439 162 850 5 731 515 147 424 611 149 424 590 849 680 607 248 105 584 814 378 691 771 44 248 508 471 412 212 865 867 684 549 823 951 837 764 341 837 660 257 302 971 851 132 425 58 198 125 573 347 29 911 3 946 355 716 686 164 420 996 102 958 919 796 607 715 300 375 943 746 669 962 686 375 80 82 728 171 754 237 725 338 698 756 830 448 587 894 114 62 351
875 647 491 258 803 139 360 142 575 944 109 298 828 314 10 384 214 774 556 739 522 594 464 114 736 108 248 844 341 804 431 9 701 843 392 380 665 589 967 274 731 464 900 679 986 702 970 848 334 594 157 880 559 113 474 991 979 362 12 292 612 470 794 439 725 296 17 321 358 547 283 351 413 754 555 147 817 847 770 754 940 263 201 129 54 515 488 531 990 888 947 870 400 926 387 450 187 398 346 421
513 496 217 608 427 60 559 415 162 3 305 380 861 730 356 405 974 227 779 698 944 462 197 296 843 719 848 194 320 738 649 822 138 465 82 43 826 530 545 16 341 698 458 149 579 895 677 181 459 441 894 396 958 16 645 412 80 608 970 346 577 965 999 919 834 769 426 334 353 919 636 263 837 798 79 241 548 857 284 9 643 140 336 247 611 972 576 33 917 164 448 113 892 430 550 866 965 552 803 645
132 186 871 556 453 583 823 526 245 291 356 23 303 556 174 345 347 995 170 894 23 322 861 57 140 276 981 614 395 163 161 323 656 571 559 681 924 142 616 741 344 61 888 932 492 340 808 597 955 424 227 818 784 543 672 603 398 871 220 772 738 416 294 505 691 703 737 719 909 337 238 494 768 18 71 323 215 938 821 2 200 83 815 417 232 527 921 198 263 894 296 53 237 440 848 976 443 601 906 709
530 688 811 528 586 891 7 440 578 737 988 664 298 177 789 247 663 807 704 526 737 435 464 143 470 623 734 901 538 241 809 670 91 191 815 634 112 124 175 739 246 393 794 539 725 19 862 972 764 701 833 564 307 136 380 989 593 657 760 260 273 374 968 985 806 472 434 965 752 959 459 81 891 795 586 910 793 39 670 614 823 470 766 27 41 7 155 449 161 740 881 38 460 34 450 2 654 342 765 904
780 654 529 866 777 671 579 432 252 314 58 985 29 293 791 785 204 69 476 162 106 427 95 303 786 936 989 835 645 521 988 101 724 277 551 86 906 523 559 940 946 298 491 996 989 72 176 35 200 447 210 245 848 141 966 386 182 85 736 444 957 769 627 486 739 628 740 637 570 14 503 403 574 129 893 611 980 215 287 888 258 691 245 61 871 6 633 971 67 188 59 824 868 263 634 600 983 872 303 798
926 984 498 223 219 542 415 860 783 540 956 197 866 358 278 290 325 203 671 435 234 606 470 326 554 629 536 338 54 346 488 218 379 348 376 361 863 443 358 45 352 261 801 295 887 520 877 397 384 479 658 66 268 947 351 356 929 955 798 709 33 471 128 171 467 114 660 487 968 401 179 549 401 683 661 807 339 470 935 282 640 578 106 800 895 587 924 682 693 483 788 600 340 598 925 751 726 329 5 515
7 285 13 210 864 840 739 238 997 760 128 524 716 751 438 106 536 667 712 423 471 623 456 803 68 350 160 349 0 918 162 493 560 202 510 7 601 541 533 762 938 542 538 654 537 394 872 695 232 911 159 619 914 225 806 267 666 414 305 520 826 563 958 894 387 30 854 569 939 506 736 630 76 487 260 704 849 584 523 758 747 542 726 147 102 282 960 385 556 972 218 664 595 441 153 699 954 26 437 170
900 658 321 220 884 31 704 787 857 536 191 141 11 499 104 742 620 336 318 589 889 644 285 968 69 781 566 626 66 543 642 129 66 603 385 934 308 452 212 64 16 406 13 904 701 516 786 712 212 628 166 827 381 477 647 298 137 752 982 883 815 70 149 666 424 437 231 389 960 8 176 311 928 160 48 563 90 974 334 352 776 590 257 332 243 190 303 846 100 137 955 416 427 964 267 623 404 934 296 119
225 580 842 832 855 239 172 780 947 341 964 190 317 106 750 58 389 467 830 551 974 57 540 293 799 10 877 940 944 638 413 704 530 413 377 924 396 562 443 351 966 349 909 548 208 399 754 746 87 931 245 452 615 623 519 565 58 597 976 105 349 146 416 537 39 573 168 842 906 640 193 986 279 619 513 485 693 56 649 514 351 745 223 677 185 629 5 675 639 351 78 442 578 508 852 8 857 740 562 452
911 81 941 944 66 964 537 240 960 59 437 561 718 120 63 336 763 397 645 331 694 383 519 538 458 927 632 934 958 185 363 92 57 127 373 898 566 474 881 645 883 435 188 52 18 354 665 259 822 786 273 235 600 265 354 927 962 606 321 306 181 859 548 400 91 631 424 694 414 463 128 382 507 992 131 238 282 32 489 61 548 999 269 289 66 522 195 314 326 98 139 527 580 913 266 988 892 198 524 69
395 914 962 907 245 432 281 787 934 485 667 997 989 3 575 539 354 154 30 219 851 362 788 855 897 399 90 34 985 279 422 639 424 89 42 466 13 481 186 221 868 920 821 631 209 496 868 296 985 594 170 148 404 954 101 419 105 948 546 800 737 56 603 841 495 69 75 996 654 830 10 517 110 214 587 426 859 962 832 883 157 513 661 836 292 962 468 450 323 250 910 938 866 969 180 477 941 81 744 97
61 659 653 69 19 459 757 151 206 205 826 656 800 958 913 503 760 932 206 714 832 241 910 590 526 347 963 174 387 568 734 991 320 461 261 655 459 23 75 483 651 243 861 600 831 301 289 360 750 520 120 391 533 294 941 377 401 705 426 285 320 383 750 243 496 433 566 710 994 553 712 985 442 696 47 92 985 527 600 486 564 551 623 712 850 928 17 424 97 28 536 901 214 45 539 436 500 437 95 102
132 8 431 790 465 810 468 671 411 84 864 937 260 816 323 457 697 549 930 400 651 851 589 192 106 820 544 601 463 8 630 69 95 202 181 433 690 679 565 583 966 653 519 926 383 312 838 196 228 818 504 113 574 234 706 87 938 773 351 100 963 423 613 970 73 333 964 366 972 164 624 675 420 273 107 965 593 920 306 391 863 886 511 194 921 862 934 617 122 485 269 390 156 547 812 825 519 478 530 164
574 62 82 197 540 952 49 453 829 628 107 986 309 482 690 493 130 330 455 928 36 381 708 676 868 43 863 199 270 256 673 718 708 975 243 610 433 410 214 5 607 130 313 757 495 741 121 631 483 27 31 216 833 987 924 422 255 822 714 437 593 828 404 886 911 653 729 551 778 867 830 595 978 700 657 611 748 931 583 693 359 903 274 84 21 208 163 550 361 459 853 570 512 504 80 18 37 897 239 755
956 805 445 325 960 191 605 692 996 635 569 59 260 378 845 465 943 624 926 115 432 765 286 551 205 626 476 527 842 449 795 843 392 13 882 727 949 586 205 23 3 141 153 281 976 490 30 804 52 205 773 850 466 134 994 23 437 897 646 301 231 379 288 39 270 458 441 744 921 476 563 930 52 802 38 736 47 846 113 460 940 546 378 234 863 416 320 944 986 112 580 716 210 224 731 624 282 822 823 599
415 716 735 632 862 243 427 769 703 161 663 769 803 379 360 679 339 854 844 362 111 506 898 425 544 354 40 200 69 636 344 357 227 721 83 62 81 403 63 506 74 721 304 790 728 985 836 305 791 553 474 95 86 571 631 435 156 509 628 439 578 206 965 708 482 545 54 831 192 893 262 678 532 892 706 269 775 704 921 352 441 185 256 843 322 803 94 476 906 9 614 206 522 513 654 275 191 36 237 294
494 340 49 130 124 695 199 738 280 788 786 916 925 50 976 494 643 526 758 819 598 853 180 661 937 774 903 97 622 269 404 775 494 186 36 159 50 647 218 560 387 337 329 869 806 378 51 472 666 126 7 604 214 225 929 613 364 201 857 900 530 677 508 222 30 259 42 785 777 175 339 137 992 683 649 65 40 344 222 997 912 271 954 517 402 904 50 570 640 692 41 964 268 198 775 794 372 862 21 322
58 996 907 927 455 489 679 38 855 571 687 258 103 216 187 927 48 58 613 892 175 555 326 804 278 847 309 169 715 373 768 520 955 918 379 379 276 142 624 940 324 114 217 934 634 441 305 493 92 726 366 12 149 119 675 172 768 894 553 683 665 478 460 861 500 762 242 256 245 99 74 420 719 6 255 33 539 629 55 585 219 445 998 659 971 719 282 556 658 502 297 685 165 530 966 718 126 579 667 859
855 401 183 865 732 914 726 717 844 620 457 430 94 137 889 711 481 469 766 941 34 214 36 860 452 186 563 925 160 357 554 790 874 307 142 899 658 836 41 774 137 933 208 543 167 851 981 742 112 176 391 318 144 311 629 370 25 110 970 339 725 238 954 840 260 477 629 397 827 97 941 899 430 158 682 427 626 584 527 789 434 200 12 321 112 94 7 567 662 899 470 506 973 886 860 967 366 228 424 730
798 441 203 550 902 67 814 606 859 154 594 895 423 148 635 530 174 176 597 286 897 632 440 906 802 292 252 185 988 174 627 712 108 456 787 494 536 108 560 866 815 580 519 924 887 957 900 835 480 674 575 498 98 282 484 578 49 883 786 247 977 865 997 480 393 774 303 310 931 914 207 169 872 963 682 792 197 834 210 317 768 886 162 793 632 414 725 383 106 424 186 250 256 233 3 942 402 993 513 968
