100 100
304 360 743 692 27 98 488 590 271 82 612 666 595 790 437 106 722 658 765 877 268 46 174 147 354 854 497 868 571 692 932 680 442 517 691 63 920 704 480 652 990 65 215 894 358 100 246 700 517 736 662 780 852 549 984 41 343 627 662 115 912 119 64 932 706 714 952 896 135 88 869 106 929 918 144 385 693 492 695 910 705 501 577 749 261 799 81 109 835 651 328 332 0 433 802 693 496 518 377 400
191 137 888 668 361 438 7 664 303 806 245 476 970 449 339 512 849 822 252 392 734 656 662 771 324 154 393 47 961 340 26 660 465 195 412 570 217 696 895 808 215 111 490 92 200 387 773 57 432 792 112 227 556 921 424 526 624 38 504 604 882 8 336 755 60 13 955 993 282 290 173 682 380 568 400 548 177 506 209 688 130 482 99 145 797 698 33 810 925 819 318 319 442 21 388 215 526 289 434 500
166 171 605 906 188 100 63 429 810 849 331 550 325 108 32 140 773 247 920 215 373 325 5 979 507 974 235 464 338 621 549 243 547 353 596 246 70 854 945 105 924 310 957 475 287 838 312 683 997 742 355 807 835 561 574 453 932 872 828 465 322 720 551 211 55 31 667 132 678 409 240 904 447 400 861 190 409 679 784 999 744 860 726 844 119 216 486 349 160 468 178 115 576 428 865 522 728 440 194 688
445 805 101 180 679 828 927 356 382 867 289 148 362 928 67 106 122 425 493 563 946 132 549 725 144 913 524 102 516 617 28 889 637 949 39 545 561 998 58 955 638 168 351 930 376 490 56 2 102 422 70 411 814 385 999 54 349 991 394 249 602 112 243 150 622 768 415 757 777 710 9 607 566 603 79 736 543 981 696 86 761 714 153 411 94 666 953 172 531 331 599 687 375 824 304 859 604 889 2 396
534 455 752 310 68 103 766 772 565 445 43 877 124 65 417 436 55 622 247 169 432 248 843 476 543 83 730 303 492 787 988 46 624 234 754 553 865 778 9 625 254 89 169 913 108 278 249 364 100 528 786 788 529 197 147 38 1 552 536 101 981 790 534 361 180 765 75 872 662 455 216 933 833 438 445 726 536 568 809 721 693 98 258 936 816 494 540 53 431 661 446 347 179 874 455 719 139 291 157 265
934 136 974 978 758 614 254 136 912 389 514 443 468 555 840 462 557 21 984 692 912 681 980 695 231 519 972 285 855 741 100 481 193 916 355 854 337 526 139 562 145 584 290 365 994 104 512 648 858 13 683 297 136 970 910 276 609 607 760 914 744 578 372 896 933 284 865 0 364 391 288 851 668 940 145 416 675 898 803 346 797 829 437 639 30 239 388 756 675 551 570 517 537 344 888 727 290 607 75 970
626 109 146 364 928 857 683 282 762 165 693 452 591 810 2 564 411 687 490 908 47 321 831 273 969 809 986 33 234 566 667 804 227 509 51 20 286 483 515 548 278 980 310 288 609 740 868 48 656 965 651 425 827 257 288 385 84 140 703 83 212 781 458 956 669 414 989 550 505 446 760 249 416 78 5 549 29 497 110 454 276 873 925 510 10 282 678 171 152 396 616 964 356 618 56 182 647 335 522 319
225 876 807 991 532 828 345 208 891 741 417 682 363 734 382 748 72 580 353 205 83 666 757 821 451 607 619 394 400 72 142 989 464 20 995 935 240 567 711 803 207 943 73 960 464 262 882 861 694 796 817 54 810 241 589 695 69 542 325 114 370 431 238 553 53 128 589 328 861 118 288 7 799 106 586 307 226 461 112 999 540 730 849 380 561 760 152 924 683 985 229 309 626 447 253 794 618 685 40 901
735 468 772 202 811 353 685 814 798 646 872 548 354 804 268 828 361 317 79 506 776 808 377 854 883 698 42 504 109 876 99 356 499 904 562 111 696 798 338 27 119 623 969 744 621 944 16 869 688 532 65 788 717 860 365 721 892 428 56 87 277 578 677 843 700 255 861 748 276 721 223 483 31 864 781 403 711 412 284 190 511 631 22 185 349 742 18 431 755 632 512 373 565 833 493 716 697 636 928 644
235 239 77 234 416 911 580 817 261 348 106 66 159 443 279 231 740 786 121 14 618 313 867 754 78 696 35 349 489 883 332 331 216 957 446 932 627 352 613 852 87 285 570 642 680 22 429 444 282 408 354 822 453 860 520 630 874 725 26 101 116 337 842 599 534 750 117 361 875 943 740 750 919 971 249 128 550 955 241 444 255 412 112 765 227 510 262 879 141 401 512 835 3 949 405 147 354 225 780 321
586 424 246 529 522 547 674 276 116 630 695 617 985 528 892 387 644 267 708 80 236 820 98 226 459 518 758 256 764 582 794 744 477 617 573 582 813 825 735 710 570 807 728 765 564 99 881 685 790 525 118 403 862 426 128 164 335 813 64 131 555 847 374 212 177 884 769 124 133 389 175 278 351 349 581 390 897 289 375 168 497 638 996 552 994 851 121 638 18 597 747 278 622 225 135 106 57 524 879 236
315 89 138 360 368 34 925 952 653 199 426 461 352 990 844 181 776 357 983 777 697 834 794 135 998 687 121 402 268 654 428 285 9 262 815 267 784 334 896 781 440 188 800 403 98 654 521 398 355 824 994 650 158 72 339 507 125 867 288 715 549 311 467 401 467 98 95 964 709 834 88 327 635 980 450 992 813 439 196 950 942 798 601 864 986 911 30 788 684 605 190 748 671 188 57 622 458 76 57 340
474 876 380 543 892 237 191 472 586 634 192 261 943 584 68 132 621 206 746 103 957 543 679 992 400 847 653 990 477 883 430 31 817 477 833 873 532 840 199 913 57 577 784 723 136 269 3 785 471 458 643 112 394 225 208 305 92 844 125 487 290 383 794 723 590 173 904 263 672 369 442 173 236 316 466 763 42 993 118 906 611 471 535 499 794 63 154 356 219 422 554 388 791 290 222 684 714 262 730 354
568 372 864 393 837 475 89 400 132 281 762 827 19 854 476 918 472 70 118 711 982 177 815 979 740 715 32 440 555 491 972 258 728 900 562 103 546 711 280 818 879 476 271 315 988 844 458 171 443 976 371 667 706 246 610 751 184 981 336 446 326 743 132 515 649 906 910 366 156 757 173 600 154 765 208 960 315 82 294 803 475 556 189 99 640 877 649 880 783 986 466 871 124 915 805 538 840 546 785 417
627 721 54 153 107 366 625 355 33 976 818 946 248 634 600 144 933 942 657 543 352 940 854 159 90 27 496 848 661 650 301 816 82 968 297 435 819 796 834 595 515 954 882 353 142 474 144 53 707 274 963 436 545 376 59 538 153 543 628 429 779 342 283 483 722 971 557 158 274 976 309 432 636 763 392 976 975 471 690 479 384 140 791 545 938 588 226 105 891 273 826 372 873 985 594 85 193 329 597 368
418 195 786 301 513 720 764 298 511 812 120 34 756 105 342 835 460 51 962 896 925 655 640 815 81 80 910 848 649 855 486 440 903 926 193 715 514 294 319 265 225 5 873 342 533 131 748 180 472 267 871 65 231 641 701 785 764 628 198 743 763 385 253 758 374 786 99 499 350 64 70 721 452 212 161 245 16 292 603 570 478 894 5 211 681 804 930 863 362 808 16 849 665 700 161 196 227 73 129 58
938 269 1 219 595 718 488 821 850 434 562 652 598 742 145 851 16 193 736 799 789 534 537 139 967 890 335 188 988 545 522 931 392 278 403 38 817 527 652 875 667 737 873 71 616 690 835 379 232 991 403 485 141 987 247 899 48 446 888 702 338 223 802 612 792 456 135 402 38 562 471 903 902 608 109 648 939 906 528 550 897 648 717 271 805 73 396 105 785 944 782 436 923 15 241 35 318 918 917 304
163 42 316 464 607 694 919 95 832 59 527 920 542 854 161 349 74 56 4 293 997 38 910 684 442 911 578 421 976 193 128 386 578 214 530 729 863 325 265 519 101 715 962 29 191 216 92 994 230 787 291 244 122 873 542 517 742 719 548 25 544 859 43 108 730 374 540 509 543 640 728 968 969 515 731 976 94 485 561 303 85 116 720 394 970 21 506 228 730 963 697 795 533 826 795 516 448 536 942 823
343 34 282 585 88 743 784 375 267 761 435 608 861 49 63 81 385 158 890 292 603 319 142 337 165 655 249 733 63 802 110 552 67 174 658 795 213 713 693 192 841 836 802 496 942 63 676 161 615 761 701 793 246 325 139 58 135 409 356 824 499 699 563 929 500 654 255 162 276 739 331 975 442 175 203 856 896 303 767 420 315 740 139 956 550 300 990 123 382 145 828 622 824 951 919 117 781 230 131 190
681 36 151 281 718 437 260 3 593 833 359 133 13 755 464 213 973 657 980 177 454 655 735 777 531 214 189 807 67 379 749 259 636 88 423 517 234 580 72 129 715 613 855 446 164 204 816 153 238 460 883 20 323 437 855 719 530 906 577 933 997 226 235 460 100 563 452 47 364 548 54 745 168 50 599 926 878 706 878 406 285 560 127 709 119 50 213 63 369 738 9 824 763 678 182 499 529 215 7 429
492 674 423 127 501 256 437 991 752 954 611 870 467 701 712 236 20 676 486 928 472 830 421 509 426 606 653 42 73 558 836 892 655 17 409 466 112 19 16 336 362 197 641 515 739 672 831 576 679 429 481 725 928 254 567 894 535 323 262 212 773 319 565 890 758 744 926 843 670 443 353 69 389 696 42 706 605 929 788 302 13 796 383 298 120 988 951 974 322 721 316 247 447 792 160 751 25 980 739 862
515 10 240 356 580 377 678 224 565 824 133 452 396 956 440 937 59 97 44 987 966 688 444 497 901 622 558 979 277 655 82 16 243 844 411 350 310 312 552 486 833 50 997 463 250 958 72 675 515 995 915 115 615 233 576 759 536 785 256 716 451 39 225 29 254 302 613 352 748 725 900 255 315 368 54 952 548 110 499 533 486 663 914 397 344 985 867 584 777 898 763 429 391 893 548 642 29 505 656 958
304 91 531 527 224 45 920 24 516 126 75 534 725 222 964 67 126 929 789 635 742 918 196 662 645 851 348 754 192 911 321 661 879 267 704 836 340 714 608 353 995 869 294 169 494 607 949 918 841 348 446 527 241 863 704 243 694 47 733 33 932 783 316 677 730 686 243 743 389 330 789 747 837 887 401 258 88 8 676 995 179 131 177 384 371 455 288 903 231 635 302 634 267 274 830 146 336 220 989 436
932 39 598 91 75 553 614 438 721 434 558 940 585 450 469 677 377 779 276 826 624 661 597 652 461 477 305 537 509 479 168 110 377 381 518 823 215 266 116 890 352 829 481 960 768 831 755 44 975 475 765 487 472 465 797 300 579 667 959 723 480 991 675 261 204 297 113 780 281 940 820 952 32 794 648 970 133 613 299 323 418 382 951 342 245 447 557 10 688 5 482 259 633 338 593 651 992 96 227 761
229 97 720 707 539 200 42 970 386 558 794 379 934 620 149 389 763 328 401 49 261 69 223 34 319 955 941 942 666 661 47 616 994 109 96 223 652 466 556 388 934 290 689 513 184 621 51 338 376 223 318 813 284 675 988 689 94 77 659 436 987 925 365 561 38 908 351 417 479 902 259 393 865 152 187 190 866 942 874 280 797 986 255 650 303 742 692 305 182 739 776 791 645 683 103 781 974 743 123 34
422 662 874 129 277 739 467 308 194 497 130 820 244 614 929 213 345 46 760 251 75 303 296 587 213 643 868 576 427 40 395 675 59 200 851 347 544 527 45 123 221 164 347 607 431 61 973 448 978 278 157 323 489 112 387 585 712 623 151 519 751 905 228 215 161 279 119 706 866 941 880 199 252 890 50 683 606 673 609 631 968 636 460 114 366 800 375 29 258 210 536 511 58 875 763 362 994 895 417 554
813 213 475 252 308 586 612 347 700 347 615 423 283 680 108 178 254 26 559 401 954 20 706 274 700 22 116 942 451 518 903 590 268 226 152 224 218 627 914 690 966 746 407 776 277 219 210 910 449 557 2 855 45 867 127 705 106 704 699 67 52 948 852 721 352 223 76 565 811 385 808 620 551 872 545 905 61 332 205 684 169 808 73 836 601 251 984 444 310 244 326 819 39 232 561 775 667 974 92 119
581 507 388 561 684 719 994 820 594 151 463 681 163 32 138 257 77 266 605 143 70 608 856 514 304 831 235 7 134 296 262 710 596 166 480 273 308 376 877 703 301 157 267 290 737 936 282 451 264 642 206 181 631 469 110 807 220 393 274 360 571 464 910 301 138 990 972 10 714 399 70 699 768 481 64 515 456 23 399 509 790 849 63 199 95 199 440 854 102 187 925 686 829 583 457 819 202 906 634 900
253 228 599 444 904 958 11 166 760 6 810 466 509 663 682 943 225 492 578 10 567 370 266 98 748 456 123 284 496 15 757 58 595 662 422 340 71 207 515 862 306 993 414 531 524 30 689 574 873 101 79 939 866 928 559 476 458 613 964 593 762 767 314 633 941 942 773 437 746 819 588 64 437 499 126 407 932 572 721 122 607 607 623 567 895 45 293 224 447 506 118 886 902 870 643 423 696 103 860 12
382 352 102 653 835 723 536 583 741 676 110 713 715 805 735 306 66 576 878 552 572 774 92 121 148 895 242 288 234 70 233 433 667 740 533 898 404 464 69 658 154 422 1 108 565 245 396 436 271 115 358 424 660 238 845 999 22 281 675 897 921 401 358 200 337 88 293 857 468 479 318 753 622 464 440 528 540 143 384 486 907 176 385 736 484 109 131 708 795 443 214 529 731 497 256 299 403 858 465 900
330 511 301 619 990 399 14 369 57 239 960 748 454 637 576 216 525 23 605 122 118 208 298 484 312 407 121 415 656 724 790 898 362 162 595 23 309 247 760 980 841 685 188 954 938 915 828 224 687 947 439 286 873 788 129 138 603 694 751 269 974 754 189 495 650 333 511 84 87 133 977 486 273 76 288 43 520 430 724 529 145 505 401 38 757 489 311 777 32 653 60 473 377 123 400 754 498 826 268 280
339 975 433 658 446 318 493 680 856 405 278 322 876 490 405 449 749 598 990 520 642 287 617 291 637 142 386 347 44 789 944 979 249 21 273 233 700 274 27 481 140 755 388 870 866 943 976 418 43 230 543 332 93 465 697 262 818 418 986 669 690 430 620 928 500 847 830 14 679 523 291 719 652 409 216 413 392 772 742 465 153 334 244 817 991 782 61 322 338 787 526 49 667 949 342 236 591 976 252 903
996 603 411 210 829 380 482 174 608 579 179 788 584 857 718 96 111 547 358 180 335 190 456 234 867 559 940 177 765 787 987 172 555 948 738 745 517 396 241 478 191 771 276 417 617 750 750 987 358 904 824 42 904 630 96 793 948 182 993 836 578 382 590 645 742 516 277 606 174 947 519 498 924 316 657 331 16 87 153 180 397 972 42 285 368 157 126 132 546 283 533 221 608 499 498 883 295 689 375 341
858 622 221 261 238 131 370 626 577 821 7 154 339 525 168 999 201 897 912 557 619 524 568 542 537 783 493 451 484 371 741 302 380 134 806 928 716 524 524 391 315 5 626 561 76 219 138 503 455 407 877 716 412 159 418 429 142 41 151 577 799 144 886 189 555 782 439 772 82 735 389 540 518 679 914 213 947 827 456 556 257 457 687 519 453 175 41 383 383 857 398 586 978 227 237 462 306 997 748 157
857 210 63 813 564 992 727 612 272 799 811 606 139 675 862 144 252 114 409 184 13 620 307 808 24 929 108 288 38 175 92 658 298 198 677 301 353 494 24 722 918 431 876 56 672 989 992 741 945 590 743 122 286 23 246 496 933 320 839 364 297 911 174 423 546 958 278 164 477 658 364 221 279 875 82 682 738 334 943 371 390 763 831 630 600 148 89 714 484 417 342 496 790 250 456 651 748 184 385 376
393 491 960 684 196 93 428 896 283 557 603 142 150 31 756 829 268 704 140 545 464 431 541 230 973 630 884 343 7 159 90 500 488 184 790 664 48 786 706 411 403 751 875 392 161 148 913 773 918 58 925 203 263 456 760 861 12 391 441 47 764 522 574 426 261 345 382 59 490 85 824 329 731 886 12 9 451 186 912 245 694 179 507 938 180 384 130 747 207 367 413 429 275 17 390 167 63 454 592 568
496 405 723 669 388 826 953 337 52 882 40 906 794 494 23 150 199 684 783 556 156 84 507 196 248 176 246 768 800 420 482 914 407 51 721 148 961 536 928 852 600 853 524 340 123 649 257 267 94 50 539 846 44 640 312 803 507 206 25 928 587 162 568 545 530 747 734 521 761 361 739 160 316 83 947 472 905 824 141 296 293 317 407 83 473 802 5 761 517 683 7 329 571 860 776 247 940 678 299 905
533 745 970 498 547 163 698 4 520 510 779 583 899 988 428 175 426 230 744 865 85 939 616 485 175 399 780 568 646 288 350 974 280 636 632 732 86 540 501 175 326 870 641 633 716 180 931 827 853 98 998 298 640 734 937 298 560 467 274 145 629 699 394 415 373 291 33 723 580 675 369 875 961 171 928 787 706 479 641 842 859 114 601 277 783 825 932 996 847 864 280 328 662 465 957 16 533 721 594 874
590 148 266 385 861 394 170 186 528 549 285 548 135 91 522 304 363 984 295 319 250 970 127 210 943 171 825 426 91 535 106 978 588 853 700 949 694 211 946 288 736 307 381 199 799 443 664 805 179 346 793 930 858 864 928 556 336 496 823 268 173 952 426 284 941 625 295 101 330 823 694 819 438 378 251 366 46 309 522 851 830 658 67 637 633 704 278 137 809 740 67 325 496 601 845 555 690 530 337 72
607 916 97 114 14 266 39 304 885 288 896 427 235 423 47 901 628 382 279 63 819 124 827 571 17 856 514 181 522 267 639 258 802 840 956 830 808 384 446 185 134 814 131 91 295 542 160 51 285 484 473 245 104 590 811 50 385 36 117 878 969 455 317 349 930 697 363 998 76 68 133 904 878 956 732 639 611 654 11 64 9 653 755 371 94 806 553 737 269 971 986 96 110 104 514 173 800 770 126 983
600 186 5 482 361 856 499 241 406 872 761 440 655 99 832 651 109 48 806 893 787 967 338 417 613 679 631 703 599 863 258 443 229 506 85 491 749 293 454 858 308 683 590 159 360 18 189 573 539 453 177 941 205 652 612 404 376 995 495 791 750 518 160 525 212 789 26 185 998 762 556 556 587 481 958 174 574 566 295 424 538 61 235 723 765 695 747 313 21 172 766 56 580 814 258 223 672 535 254 245
624 177 969 675 726 649 442 696 671 149 434 308 689 899 532 244 377 289 63 649 68 913 482 663 587 135 499 881 242 289 541 692 237 123 179 536 760 638 289 108 606 774 44 654 104 369 926 723 934 855 48 634 69 874 377 449 933 395 390 8 386 224 26 139 855 858 181 517 205 891 134 239 181 431 692 980 899 412 981 636 437 70 298 735 31 722 771 60 368 713 431 898 275 424 644 262 959 954 374 212
560 926 68 569 528 470 85 505 959 706 103 8 607 918 529 730 860 498 8 366 904 859 217 486 310 554 684 742 271 912 975 90 452 475 293 595 644 440 518 838 250 531 162 400 521 796 230 316 994 196 793 61 848 121 770 554 999 268 23 288 123 194 980 393 595 482 741 99 291 909 125 251 323 408 732 591 341 258 198 422 76 959 843 120 942 360 179 577 511 385 102 613 506 403 200 713 44 496 227 254
515 726 171 108 962 323 733 94 914 913 489 140 272 576 786 656 442 689 855 671 67 453 265 772 432 319 911 62 993 234 379 303 708 49 861 499 48 391 194 563 186 280 149 757 747 329 910 304 424 198 816 259 106 398 174 45 768 669 976 101 737 962 9 69 766 509 105 216 61 33 93 816 248 143 604 356 466 6 572 706 257 926 964 994 374 987 572 323 716 649 847 183 905 847 160 478 97 812 838 934
563 845 190 950 724 713 369 642 932 648 120 555 216 998 59 950 329 608 484 110 345 819 617 428 802 825 967 383 689 983 632 514 146 822 144 623 899 804 593 640 565 516 405 303 885 233 690 2 404 627 974 548 44 272 353 242 21 344 778 144 602 685 292 598 614 621 839 918 434 536 559 483 870 73 938 390 998 233 225 905 739 589 375 887 425 833 269 640 23 9 483 304 520 766 876 195 222 389 431 577
487 217 670 670 643 319 907 826 881 508 275 788 726 348 175 835 285 708 511 765 767 988 766 28 966 195 25 688 251 137 449 800 144 827 901 673 712 556 532 431 376 388 358 540 263 264 213 844 181 994 464 61 912 75 143 44 812 404 405 906 439 540 323 699 596 138 860 719 97 130 264 87 558 896 898 223 455 925 552 244 112 567 900 54 162 799 897 626 675 997 515 554 326 308 80 85 792 477 428 828
400 896 514 379 608 377 378 401 124 144 702 951 386 882 434 908 889 142 879 507 461 847 492 90 13 577 138 225 859 822 796 768 214 822 434 615 388 52 735 981 242 720 921 395 86 581 562 848 64 151 110 987 11 731 460 869 96 595 889 312 992 13 358 796 398 351 646 833 686 415 162 724 596 325 936 355 859 356 274 541 70 748 400 519 604 465 861 478 859 310 78 786 309 517 819 529 824 854 942 63
6 533 530 548 269 197 544 939 786 825 898 285 531 912 312 50 659 909 723 282 402 983 310 683 958 944 313 177 500 802 261 238 238 216 576 196 307 764 390 831 846 945 758 619 420 103 138 81 617 206 301 689 960 745 323 726 74 94 590 300 494 726 930 546 947 364 663 28 147 758 374 207 957 345 577 470 914 636 744 324 183 978 704 716 458 823 872 760 124 560 514 173 444 180 826 985 477 882 510 538
940 215 638 801 214 512 380 661 777 261 139 228 249 238 690 511 159 455 904 932 591 664 189 842 10 469 764 642 786 458 712 63 236 877 923 104 736 862 459 737 389 450 142 16 293 427 414 737 24 892 645 890 636 143 17 688 570 198 560 25 162 39 698 661 673 709 858 231 41 771 399 71 519 123 62 47 144 986 860 9 525 542 947 366 126 492 609 798 679 738 724 145 9 291 259 174 429 939 5 543
157 798 335 97 435 476 316 766 30 961 430 714 851 14 800 132 463 138 859 649 590 448 334 49 156 430 992 303 563 299 983 577 237 62 597 356 999 728 40 764 756 230 183 634 466 867 775 62 115 349 689 928 691 537 343 610 814 59 310 398 376 217 154 885 146 139 792 981 49 222 979 503 334 945 290 126 107 95 655 774 181 360 518 840 976 531 932 221 160 12 511 821 803 287 863 882 490 362 619 408
426 747 808 210 445 423 2 705 884 71 968 26 594 598 61 901 509 151 345 924 220 447 362 881 186 632 352 774 886 238 977 702 997 646 661 570 901 988 6 124 595 74 310 138 583 32 939 53 200 126 958 926 942 169 949 452 680 565 468 578 727 274 392 623 531 708 329 91 649 565 37 92 187 445 847 263 870 825 775 473 760 836 785 522 992 393 493 457 413 495 833 888 415 854 567 856 377 245 869 333
452 753 368 443 717 483 458 890 521 736 356 203 260 109 267 305 927 280 430 728 481 215 287 383 385 880 85 309 945 536 903 470 655 530 380 326 336 477 984 791 684 522 180 981 452 662 274 416 271 970 135 448 426 798 443 846 561 608 250 625 449 418 643 878 632 795 719 461 85 697 877 415 180 703 726 728 655 868 923 530 53 476 361 978 905 926 368 261 830 958 441 918 205 182 73 860 787 548 39 820
579 578 917 416 853 686 136 782 683 709 712 596 651 728 254 7 60 206 834 243 44 865 938 326 687 77 90 602 912 376 561 480 179 425 588 37 611 819 344 948 330 715 912 121 555 97 952 464 431 936 856 329 451 443 472 920 199 246 964 577 487 59 945 89 803 121 90 159 207 765 0 230 791 756 974 316 172 40 280 304 232 22 204 978 357 381 236 50 458 624 624 703 30 986 401 998 818 492 284 497
5 351 422 764 307 107 242 923 695 496 768 845 905 387 525 800 671 620 351 638 145 811 186 505 36 62 81 74 582 334 867 57 475 576 263 405 169 417 885 259 422 177 495 863 118 222 96 228 316 253 447 252 5 986 768 52 600 317 65 844 662 295 316 182 103 467 185 657 308 840 960 641 882 548 792 40 13 883 59 425 468 746 857 983 599 422 859 44 395 485 501 234 46 502 711 133 829 451 698 887
643 826 748 211 933 512 843 293 850 890 998 598 971 993 498 875 354 402 559 379 607 278 454 63 473 575 714 863 69 400 838 346 412 898 907 58 519 58 707 218 116 726 957 95 791 110 672 282 976 826 777 463 410 754 799 609 594 763 251 90 266 113 937 954 158 937 543 628 846 389 441 587 946 229 521 380 362 222 914 379 300 639 881 506 929 156 241 241 704 863 338 448 38 96 274 425 360 52 501 940
640 605 868 799 787 449 985 934 492 529 408 826 260 876 807 52 774 246 791 694 795 540 392 602 543 912 876 812 753 932 792 914 149 385 336 560 127 359 172 479 15 68 38 922 61 581 448 963 862 176 210 355 124 26 361 540 389 31 490 940 652 451 260 233 946 504 453 151 86 858 36 167 496 28 895 140 588 155 812 48 790 217 416 284 478 131 531 377 288 866 269 884 656 556 575 718 172 549 806 32
164 68 985 664 502 164 536 145 980 446 484 584 245 942 395 819 401 814 96 787 584 125 991 845 474 727 486 440 484 152 261 546 900 140 773 831 91 186 678 194 433 537 693 976 962 672 830 591 867 476 126 254 146 957 411 562 235 252 418 878 753 23 669 213 804 121 112 841 207 529 915 805 413 818 592 552 78 746 387 307 573 580 549 760 838 230 452 522 122 844 443 435 137 662 534 618 822 299 558 427
688 577 574 514 811 121 385 27 663 79 200 751 368 924 80 143 134 587 428 13 178 928 869 811 138 123 888 325 449 894 568 352 223 983 508 8 194 511 794 395 590 956 543 756 83 871 499 656 716 972 61 949 739 265 2 363 354 789 978 210 720 304 227 168 91 130 938 517 84 608 120 245 725 962 310 509 983 181 411 317 227 591 191 609 203 207 359 968 561 63 321 596 809 952 379 903 905 599 667 506
955 628 300 846 692 886 311 319 506 694 78 920 163 911 774 327 512 278 615 61 555 22 691 109 8 75 108 334 768 559 537 200 623 56 291 570 6 474 935 705 414 379 436 819 807 46 847 763 342 119 246 652 722 252 477 113 383 605 40 198 5 867 145 476 684 918 873 620 983 119 213 736 918 159 484 170 336 298 700 833 204 127 952 240 378 398 48 878 737 108 702 15 645 213 771 431 854 730 547 739
689 948 408 412 483 897 825 469 398 833 796 8 512 317 614 862 568 611 412 359 475 230 934 837 750 819 217 919 535 990 927 183 118 214 391 123 528 584 119 799 119 763 951 69 475 382 836 475 769 150 384 161 761 985 859 737 709 181 90 286 587 362 621 766 95 329 212 850 554 963 700 880 431 119 740 205 597 268 871 88 429 741 712 893 624 23 415 561 644 852 320 264 38 571 348 357 990 195 99 793
690 890 605 490 805 330 674 691 431 239 404 300 528 700 470 629 719 809 700 121 91 230 895 444 536 151 452 830 481 668 799 292 251 103 287 643 302 545 750 424 698 535 821 568 740 378 715 884 150 314 475 421 324 808 887 466 609 641 821 795 636 367 271 228 545 740 236 509 786 234 748 831 230 646 578 368 447 65 748 477 778 220 76 55 256 808 64 592 536 450 710 164 957 314 436 906 689 855 407 896
397 0 930 29 678 366 755 892 421 198 420 551 732 717 97 374 240 42 57 167 538 563 350 796 852 802 45 158 605 163 565 299 796 231 705 792 107 221 98 396 84 430 29 23 987 177 580 586 660 648 560 953 169 183 136 155 779 983 456 825 809 603 780 101 617 753 639 802 644 164 230 200 838 965 815 336 190 236 108 558 289 700 72 641 992 723 612 414 550 261 693 183 642 889 568 793 860 436 901 560
388 878 971 257 630 374 576 491 515 101 382 351 442 561 651 262 487 992 811 811 792 498 901 492 626 24 102 683 980 124 630 600 384 663 128 825 130 410 578 108 537 991 137 754 678 432 581 308 415 469 339 845 801 425 686 53 846 474 560 113 140 411 491 503 913 276 977 556 592 963 125 919 139 572 988 775 367 178 257 518 496 667 496 662 418 140 313 518 902 625 24 681 544 561 594 225 871 915 900 845
585 120 684 874 575 883 609 40 969 973 174 924 459 20 74 181 156 918 195 640 416 476 435 247 530 709 676 296 272 799 499 608 449 542 187 201 602 13 752 58 212 427 870 746 965 462 374 151 164 176 889 770 583 557 244 618 145 56 652 677 725 145 774 270 184 500 847 23 33 909 227 546 469 452 202 103 713 746 456 741 759 121 58 379 1 129 848 438 332 878 111 712 854 874 964 774 849 469 88 310
829 747 388 825 6 799 306 304 896 748 63 875 808 101 714 735 795 81 437 528 574 774 675 699 887 893 512 302 927 508 870 889 523 507 640 8 830 853 475 279 590 72 284 143 150 573 383 17 819 967 937 398 556 416 661 266 800 10 400 44 35 623 361 815 826 715 333 648 436 55 516 134 53 480 765 933 302 289 721 178 563 553 590 329 990 168 260 249 787 375 46 867 607 335 173 572 417 665 419 271
831 797 191 472 274 320 537 881 497 516 296 712 59 744 8 968 954 294 325 973 990 561 750 623 315 116 967 615 245 842 865 643 414 676 850 519 831 680 793 114 301 124 560 595 106 449 295 536 417 859 545 973 284 881 740 850 451 939 425 623 692 162 876 439 687 981 645 657 172 308 833 474 645 681 464 914 754 970 729 452 800 372 47 186 493 476 28 959 147 892 339 88 880 172 737 966 847 696 12 91
510 574 643 31 184 663 233 205 536 290 271 563 451 972 229 272 922 450 268 56 295 262 186 647 388 89 765 325 711 833 285 638 535 652 653 595 520 317 511 402 87 570 15 868 941 946 258 974 706 409 42 369 888 645 254 766 611 546 981 383 605 500 920 955 415 290 448 873 145 514 262 127 97 534 164 695 76 66 243 566 346 372 774 865 553 43 310 413 881 947 519 25 714 226 655 191 402 30 121 833
240 243 117 350 426 450 119 278 303 192 973 33 797 838 448 168 305 338 794 100 323 915 932 530 291 387 861 344 666 942 767 343 171 540 722 288 440 760 522 659 195 75 661 642 540 961 422 665 140 93 936 737 741 36 311 660 620 267 4 250 968 757 436 592 570 397 860 318 842 576 118 630 288 714 68 277 427 403 895 919 819 449 996 363 558 850 994 445 190 743 136 435 481 850 458 820 329 609 721 426
717 596 727 272 176 266 770 988 725 664 864 19 576 278 983 462 122 448 407 406 858 602 28 115 693 494 459 911 579 103 502 260 95 437 569 282 46 44 222 606 482 754 568 27 594 914 70 614 749 816 352 468 264 316 568 512 905 627 833 96 937 318 300 518 793 297 452 696 300 224 233 185 755 429 329 547 634 330 281 564 124 788 883 793 579 903 374 652 762 434 320 676 487 241 443 622 991 761 742 472
488 729 201 512 828 814 879 442 73 236 658 336 341 240 576 792 69 771 837 498 640 873 149 584 653 288 844 383 552 916 579 78 590 460 55 466 871 237 755 492 924 159 560 210 707 506 401 190 45 932 364 130 893 708 909 451 527 255 422 485 431 218 797 115 769 276 589 255 165 329 815 187 350 696 5 716 224 949 248 551 513 967 725 627 724 585 936 112 928 346 507 970 423 460 46 97 458 119 166 477
37 913 117 785 28 537 801 604 302 541 231 890 567 21 667 428 360 12 709 171 906 362 715 582 53 927 711 548 589 277 857 6 870 435 951 916 128 78 153 314 735 92 30 298 198 512 536 393 669 40 445 824 432 89 162 168 703 642 173 560 460 843 286 885 539 277 832 78 155 347 51 822 752 327 874 343 249 265 14 938 718 207 943 472 462 696 640 738 163 29 197 182 685 264 943 205 9 608 748 426
419 337 805 383 931 491 104 551 49 956 629 921 704 663 679 207 838 639 598 749 390 105 834 953 885 317 329 985 791 794 478 136 518 427 628 323 984 460 375 239 831 831 770 269 463 445 624 457 534 376 680 129 250 203 558 680 560 951 110 398 210 998 806 92 153 590 239 214 909 20 552 814 733 110 860 283 254 12 85 191 40 115 769 513 494 210 123 178 774 273 995 57 742 508 538 317 57 897 972 270
189 174 91 712 229 415 749 537 106 421 868 442 155 410 213 422 329 914 535 216 858 152 643 798 258 172 620 371 64 844 30 353 112 283 804 918 355 170 321 548 20 674 521 640 301 886 325 454 648 243 675 382 388 553 965 405 184 173 904 249 500 95 468 736 526 457 564 597 850 880 744 68 442 638 836 963 35 437 485 228 681 296 140 470 638 792 136 177 950 783 446 453 31 872 495 233 9 110 39 716
876 545 841 59 789 51 397 416 681 581 116 458 802 563 696 661 194 527 231 877 720 338 904 114 578 89 545 40 143 232 673 246 422 745 587 554 43 565 267 648 937 121 823 953 183 808 381 105 495 912 694 739 952 60 839 902 896 375 455 818 653 949 454 333 816 119 967 112 915 516 140 149 261 757 604 502 283 676 10 269 350 153 262 108 222 272 600 870 42 843 135 976 233 829 760 672 78 654 197 352
25 30 712 499 183 123 993 296 573 166 428 184 101 536 214 436 846 470 282 874 111 188 540 866 6 455 822 320 960 665 242 661 5 720 207 169 752 384 479 693 205 831 901 789 513 388 306 986 213 248 827 363 262 545 695 669 208 685 380 968 814 355 746 461 423 180 835 463 570 500 827 707 208 865 110 632 18 44 665 477 62 200 686 493 445 683 403 779 232 709 827 652 434 345 348 893 215 691 887 709
979 301 448 937 84 584 59 519 268 842 501 744 617 343 829 847 279 511 928 475 813 953 633 255 858 700 385 916 949 656 18 707 330 381 532 837 841 738 157 914 283 271 810 632 561 959 671 205 308 23 958 862 782 568 41 448 319 530 954 462 51 402 404 217 252 242 729 19 270 156 127 620 897 626 204 461 600 49 454 634 785 111 145 61 783 742 335 256 342 464 975 344 856 293 783 480 236 789 743 458
526 143 848 687 675 584 896 713 294 637 444 566 82 12 276 196 488 837 892 629 478 679 962 631 170 64 226 126 6 896 399 313 274 134 419 628 466 254 283 761 348 37 54 913 741 775 589 942 867 929 578 333 792 689 753 462 792 279 190 551 494 624 545 382 753 551 711 121 142 837 899 938 476 637 433 433 134 704 619 954 673 191 987 908 761 838 380 115 875 671 282 906 891 629 542 898 55 122 884 209
759 824 781 995 141 975 341 274 786 636 28 383 114 914 373 84 163 621 465 941 863 680 910 885 256 186 0 80 630 359 936 426 102 961 339 929 108 632 695 248 782 760 418 30 770 673 111 869 370 271 40 960 584 385 777 794 339 82 76 880 845 125 728 531 611 945 20 526 11 937 711 456 595 916 381 984 419 752 320 650 173 590 76 742 462 456 884 561 432 587 514 494 913 421 830 135 515 896 725 526
831 718 961 604 725 253 891 384 825 546 865 464 446 241 104 41 542 325 463 910 815 767 125 900 798 156 237 294 72 88 819 341 272 511 856 280 152 670 137 615 618 641 744 436 459 300 238 495 229 768 883 775 738 941 424 278 989 262 512 426 108 257 351 508 992 301 888 138 809 763 398 976 183 201 988 561 214 230 311 62 49 156 539 197 441 410 824 350 463 654 880 23 513 200 90 529 414 703 538 688
259 508 59 448 334 334 487 696 501 852 50 597 171 731 807 358 999 48 143 852 394 538 836 160 883 653 549 723 236 488 10 209 636 427 596 676 719 209 209 383 379 734 341 784 823 267 230 660 299 236 224 533 608 623 664 360 530 148 121 459 193 740 377 375 736 131 753 528 253 498 194 627 384 658 607 181 33 995 652 190 197 924 552 514 499 336 634 483 607 199 23 803 188 740 37 148 880 186 554 914
29 22 351 126 759 172 771 715 154 440 14 534 627 875 995 797 40 888 297 35 255 751 901 94 988 866 264 458 328 60 814 790 480 490 338 952 73 775 842 477 119 519 855 573 561 943 119 692 50 337 861 189 398 531 617 798 637 208 481 660 233 753 241 126 414 754 809 374 35 939 255 675 972 258 697 821 143 357 305 641 280 989 163 3 554 809 101 201 723 423 876 229 932 390 819 24 92 570 403 739
44 948 180 682 243 432 732 224 25 813 968 730 351 966 247 604 614 83 999 144 91 567 827 774 361 757 666 563 233 740 894 350 671 906 278 685 194 794 576 174 886 263 433 112 360 753 49 206 389 260 463 376 327 994 851 591 241 27 308 528 680 135 525 765 668 517 288 641 417 331 295 975 192 946 976 634 691 74 585 580 757 156 976 212 261 869 682 643 192 231 544 912 331 227 271 643 592 216 768 208
560 346 251 167 977 102 679 173 704 903 896 279 371 421 550 207 456 409 178 398 845 678 893 402 871 109 973 149 715 961 731 155 884 613 704 14 734 819 9 834 722 153 608 55 840 579 123 631 517 428 480 716 391 759 263 447 404 513 754 376 571 616 447 899 171 289 735 628 344 578 152 983 738 128 977 196 656 78 280 982 671 589 907 762 863 496 843 659 888 277 874 308 710 43 187 726 965 799 96 275
522 766 273 414 81 817 704 520 683 772 471 721 658 209 749 140 157 708 49 527 291 922 50 630 103 367 189 48 218 718 723 706 732 796 35 670 631 579 99 892 503 174 871 566 492 941 164 328 248 9 614 450 601 2 94 824 180 683 444 822 397 39 153 270 98 658 462 721 361 731 876 188 949 846 513 379 213 195 898 924 278 780 699 246 71 819 710 851 905 455 435 161 484 403 313 218 748 457 949 401
970 367 469 541 557 81 78 237 933 461 797 514 449 53 919 421 686 27 637 590 991 510 116 43 406 119 343 309 334 820 286 121 755 523 548 118 449 837 536 971 927 117 719 466 907 404 234 988 847 250 191 763 724 121 875 490 495 510 44 371 365 69 458 78 215 102 847 793 641 194 346 603 582 449 942 804 49 888 391 112 448 378 162 42 293 140 689 377 913 592 520 763 521 893 567 238 483 572 375 210
879 505 467 267 308 494 301 421 263 38 889 18 667 168 475 260 936 556 166 730 238 902 808 628 833 767 523 144 782 330 806 559 361 633 222 948 685 674 833 475 448 376 473 432 624 805 267 896 813 560 247 586 809 595 778 898 375 435 874 205 83 941 464 17 83 240 511 371 786 481 780 462 671 670 395 50 576 829 645 766 831 469 299 995 101 813 966 282 633 467 878 260 351 815 632 414 372 128 23 305
439 368 689 680 414 180 115 810 330 151 938 708 650 501 848 68 508 462 810 33 328 247 476 217 914 532 369 919 624 77 362 202 698 215 130 376 634 825 930 238 228 848 757 531 30 348 662 326 333 211 259 518 907 700 566 276 127 135 937 15 959 292 986 902 402 331 295 823 523 676 460 529 632 514 294 8 615 95 243 117 480 562 334 345 705 516 115 291 900 789 892 487 386 928 589 805 755 20 948 781
369 819 553 142 929 897 170 723 606 692 762 880 265 619 68 222 318 730 85 643 650 58 434 398 456 330 11 725 203 268 368 217 180 738 725 769 433 438 645 953 761 68 94 577 376 259 587 87 667 545 862 75 916 857 376 898 80 706 803 305 588 553 324 649 213 358 873 920 90 523 144 940 76 221 894 239 681 48 134 855 377 646 312 746 381 67 157 995 94 608 723 849 257 93 739 933 856 155 983 261
782 245 534 863 288 359 23 141 363 617 301 196 894 515 76 260 493 494 340 490 284 953 589 274 801 351 722 462 387 110 554 378 836 221 70 541 124 116 393 348 361 158 799 956 756 200 319 11 923 746 494 186 693 472 740 819 964 305 989 7 338 408 566 184 524 589 634 777 657 552 28 238 136 512 232 81 578 777 987 763 39 792 4 276 953 117 451 497 961 590 679 633 83 743 636 266 736 12 908 942
189 533 331 293 420 580 464 452 764 131 42 500 771 62 906 249 888 169 925 142 74 121 880 498 552 485 590 704 564 209 34 735 524 604 486 234 102 732 42 36 484 255 576 914 346 135 877 60 340 613 554 119 477 658 94 407 345 923 624 423 573 1 791 189 490 671 624 897 286 1 139 307 510 881 977 414 238 23 942 405 747 773 467 543 352 312 954 770 170 19 465 995 308 263 241 963 867 802 515 25
284 538 926 552 740 916 463 97 549 175 945 566 551 257 633 557 899 850 930 271 685 450 733 689 736 768 970 174 94 513 916 658 442 312 554 828 887 511 248 139 315 247 828 87 189 963 0 270 104 894 5 622 321 779 536 845 251 600 197 354 951 128 653 552 283 253 954 534 736 204 52 360 742 599 231 380 32 389 59 618 314 299 656 851 940 907 979 76 732 258 378 698 925 688 415 384 321 524 94 852
798 287 153 944 117 682 495 255 167 417 370 379 911 704 886 139 925 744 323 626 398 302 704 937 699 433 822 379 723 634 171 152 766 524 845 853 582 0 933 679 251 399 982 575 339 181 256 461 970 995 640 45 263 887 535 409 704 391 192 744 215 870 956 780 364 364 729 888 408 616 261 425 921 169 257 645 799 172 852 662 582 687 441 544 954 20 256 29 754 976 483 3 806 259 766 855 758 416 311 106
386 57 770 623 146 18 257 410 39 735 940 543 880 690 183 71 600 966 514 330 298 615 823 507 65 517 523 839 129 690 1 690 373 597 822 846 285 480 439 223 6 503 878 700 685 558 157 427 301 60 657 375 204 284 612 558 958 512 751 397 476 704 764 191 175 131 363 534 547 689 5 3 324 850 644 235 324 128 258 814 303 465 260 736 538 826 923 903 420 472 795 770 293 627 525 408 250 294 412 246
855 849 308 902 286 613 94 978 671 165 273 700 630 461 656 153 857 110 126 484 854 640 460 319 500 540 771 35 655 894 669 686 622 397 13 369 435 323 368 210 401 422 481 436 875 50 248 99 758 437 64 466 346 705 842 922 639 324 396 153 589 119 419 852 65 193 637 600 21 278 847 568 583 598 436 606 777 97 240 231 462 800 911 458 885 859 580 799 605 945 359 98 159 932 540 382 273 566 212 371
3 944 97 388 22 323 963 339 411 56 146 153 768 895 339 649 432 125 416 273 301 674 800 234 998 408 900 29 257 803 535 797 117 965 774 831 953 543 244 595 300 780 418 967 767 188 106 821 460 748 158 632 991 118 109 348 489 860 781 171 847 266 47 367 895 147 949 875 864 838 123 184 10 150 231 950 240 842 443 605 33 768 661 879 658 585 845 760 471 572 123 454 983 953 282 82 258 604 125 711
195 79 224 258 957 498 730 718 865 34 336 179 219 405 936 333 476 739 94 1 695 406 689 714 56 727 30 622 725 504 990 739 519 469 409 561 165 350 604 926 692 438 424 30 658 826 817 416 690 979 352 204 493 647 26 239 893 304 549 936 742 281 856 74 721 504 772 683 87 663 313 919 24 400 563 631 315 91 893 853 365 938 173 885 871 994 898 760 314 337 73 390 716 494 175 393 579 788 983 604
70 421 817 290 509 101 211 342 311 141 653 848 78 780 309 265 159 132 676 964 601 583 646 698 501 258 187 130 249 546 240 966 375 909 626 800 618 725 435 245 601 620 436 843 84 467 536 935 940 253 677 620 762 11 891 39 200 17 586 658 567 386 697 583 377 911 192 726 901 979 927 662 589 694 623 239 260 2 637 823 822 708 353 164 174 845 871 594 59 199 51 733 500 349 788 979 777 726 317 999
455 252 837 103 108 348 401 548 800 525 935 773 8 219 645 93 242 965 679 932 628 612 446 258 980 420 350 336 126 828 553 245 873 286 195 959 881 937 544 169 188 238 799 102 120 967 405 658 847 610 824 91 504 623 522 872 159 534 52 426 974 175 606 334 401 933 338 647 920 622 207 480 769 870 576 864 790 477 781 575 156 706 988 833 47 439 472 250 44 876 589 945 670 939 339 153 250 24 570 54
497 193 421 679 96 8 674 371 222 995 904 613 387 918 627 883 859 262 83 974 138 703 317 869 606 265 973 918 954 273 820 468 178 972 58 589 705 752 739 557 723 399 458 43 109 233 498 159 313 43 720 227 468 868 642 35 48 377 151 165 214 537 595 198 776 946 871 794 408 295 424 205 525 984 336 551 675 803 399 309 392 443 898 33 849 198 926 936 210 379 462 153 617 827 422 774 934 643 372 600
451 98 580 222 451 812 471 984 767 22 304 599 855 816 548 186 132 306 168 417 896 486 715 714 839 994 413 700 615 60 8 43 60 247 830 96 55 405 596 129 157 792 152 205 292 245 530 173 785 546 197 567 403 239 81 865 430 229 379 197 692 539 50 279 472 394 105 492 31 760 629 300 40 960 787 77 987 746 783 364 528 526 648 40 190 938 436 802 277 580 291 79 708 392 987 892 932 344 246 37
100 100
930 298 203 875 491 348 199 678 935 416 884 408 528 590 456 468 109 349 808 312 214 132 981 849 867 752 691 559 390 624 37 950 613 653 951 856 61 341 578 285 563 121 227 254 791 419 878 540 142 668 937 279 562 684 209 595 125 421 500 996 741 559 482 610 111 714 206 120 632 165 67 701 658 335 460 143 988 645 57 105 554 413 3 530 882 290 467 680 377 407 197 767 935 12 130 147 187 285 627 813
736 389 416 832 838 803 957 142 944 535 51 542 811 148 286 244 52 439 702 89 529 510 756 916 334 145 237 740 406 130 345 511 834 196 296 908 388 971 759 969 845 57 531 160 658 287 587 881 36 876 592 822 884 595 368 752 312 794 972 383 527 0 759 104 211 486 931 541 949 837 385 27 72 761 604 361 404 834 21 324 929 935 961 679 657 575 527 745 927 860 83 406 129 80 489 404 222 725 301 949
718 704 94 137 94 239 672 82 921 766 209 362 791 492 275 245 518 365 770 296 731 924 782 558 118 115 807 631 106 596 784 208 793 741 230 904 671 989 977 565 251 166 506 235 691 446 644 88 808 250 985 606 822 776 950 2 419 426 200 759 241 997 835 864 432 181 593 372 306 904 630 321 348 929 389 526 113 951 892 601 470 329 536 451 739 216 935 727 50 754 171 746 619 123 614 759 486 536 19 743
367 456 115 42 591 532 795 138 590 225 381 261 769 994 905 390 238 72 148 778 775 378 56 336 769 59 743 177 188 981 880 255 48 1 102 821 311 275 477 863 843 559 874 12 544 230 138 826 942 6 257 986 235 263 156 189 301 236 21 668 203 380 136 318 481 933 747 196 497 415 954 508 540 653 518 528 67 350 699 599 999 755 656 634 447 701 383 888 356 452 648 808 364 824 826 965 435 741 505 226
321 852 335 138 470 425 392 59 648 613 764 633 194 822 783 828 886 2 471 592 882 336 815 643 434 891 373 101 780 320 714 555 787 131 391 807 133 180 133 686 751 418 43 861 112 476 801 483 137 302 96 49 427 344 198 593 350 811 543 336 374 974 698 288 217 880 587 362 322 787 846 266 68 684 338 502 138 486 617 982 871 278 848 980 39 307 643 87 485 109 742 353 567 61 424 442 655 194 848 326
445 452 327 872 180 399 376 587 504 438 377 38 291 35 656 773 584 531 115 242 394 201 317 715 27 586 92 221 44 216 665 780 866 801 560 679 179 382 565 569 136 715 189 862 183 275 475 478 418 21 686 897 862 169 883 687 359 773 401 697 738 533 711 881 347 441 950 166 998 384 330 107 922 283 891 810 716 607 658 659 264 642 901 40 424 16 208 888 504 894 825 87 816 116 574 872 347 393 788 576
846 93 132 300 491 303 425 382 197 473 659 400 187 136 11 244 900 93 364 238 774 77 510 797 212 41 350 636 600 82 105 564 584 710 496 31 405 8 257 809 8 282 230 120 726 965 922 600 331 623 843 48 809 632 395 934 438 296 853 64 4 555 520 172 799 519 683 454 382 758 287 553 402 964 489 12 811 801 166 267 344 171 994 808 945 610 831 543 282 415 627 249 929 553 746 408 652 79 989 549
230 837 401 731 733 751 475 403 246 838 868 803 70 58 942 928 187 545 302 628 969 44 751 176 699 896 68 796 631 241 810 705 580 677 896 343 155 44 306 402 994 778 838 987 209 299 346 407 625 616 457 542 761 281 695 488 282 396 766 626 247 122 612 79 411 254 680 862 583 738 799 149 263 561 650 779 853 925 912 763 673 762 334 699 649 534 500 478 935 964 444 286 304 882 769 847 815 122 301 374
159 733 824 11 124 549 935 791 486 766 527 254 731 222 142 443 87 342 692 813 917 728 936 348 938 990 952 553 414 207 786 557 40 931 921 775 818 717 809 816 664 242 743 65 12 435 718 31 297 465 732 724 892 263 770 149 670 729 966 410 556 213 147 90 772 385 323 908 816 361 533 284 585 424 522 28 744 454 416 409 38 453 657 360 380 133 93 977 296 505 409 755 705 830 587 374 627 538 917 255
930 737 308 509 397 452 492 881 112 100 141 530 427 8 432 875 175 635 454 845 486 681 607 296 913 6 976 354 405 211 351 738 854 873 830 50 232 463 764 686 4 566 340 493 220 179 666 333 757 446 954 484 244 808 119 779 504 753 682 710 260 420 512 738 636 126 70 235 531 675 462 684 128 590 89 848 849 391 964 40 785 356 267 153 640 395 214 5 943 339 515 426 946 480 497 586 412 489 408 650
259 149 737 300 147 812 126 662 37 690 666 743 722 247 497 178 333 273 770 440 647 596 261 298 159 48 556 173 411 380 848 491 308 576 239 751 957 147 395 453 165 960 325 576 262 384 525 59 430 698 918 626 160 88 295 369 548 594 604 448 654 116 599 75 681 1 41 657 580 386 268 252 412 106 528 237 275 610 713 376 518 644 774 923 931 630 356 100 835 740 168 767 494 497 399 816 731 888 439 305
274 887 551 80 0 494 204 796 675 351 890 368 794 767 470 904 473 108 540 825 590 722 117 566 232 972 735 782 123 701 920 33 618 148 796 829 779 11 410 751 347 435 976 469 699 449 762 655 931 937 143 953 798 564 343 992 928 568 816 462 593 125 748 52 259 837 783 381 323 801 303 530 974 927 651 304 327 457 707 810 991 74 325 899 525 281 632 859 316 414 796 764 296 110 875 675 636 875 366 482
529 235 576 377 321 42 49 109 100 287 952 984 763 198 425 377 245 583 829 145 17 655 451 477 673 353 665 864 547 649 361 733 13 86 934 921 136 867 754 885 874 331 512 871 125 667 851 51 108 730 988 970 554 98 693 577 335 567 358 292 997 474 856 447 753 921 821 37 710 874 879 32 286 982 280 0 621 122 283 188 311 479 902 783 93 129 140 880 260 827 584 309 249 531 482 445 240 880 850 467
615 193 352 890 902 87 186 332 483 49 696 640 14 110 913 957 814 198 630 795 37 563 586 265 282 239 387 124 54 913 760 478 744 911 411 552 558 547 214 60 618 844 366 241 84 104 205 269 456 769 825 531 98 575 495 945 534 380 39 277 485 861 662 100 862 655 595 331 857 722 271 814 595 33 777 901 551 192 811 223 828 881 671 844 291 238 35 634 103 202 282 784 253 11 820 599 535 771 215 611
139 787 286 364 588 8 379 502 364 329 431 591 270 941 451 401 441 604 637 765 577 466 794 199 435 728 867 183 832 806 738 583 396 529 502 465 334 698 948 617 773 31 473 879 991 896 914 792 690 512 981 285 15 161 660 465 190 340 312 138 341 121 504 53 31 797 444 862 871 371 488 348 210 658 388 772 948 229 877 245 568 334 634 104 435 694 279 479 351 394 553 106 812 48 662 855 92 187 864 347
422 389 803 828 902 569 0 708 684 27 771 101 481 541 302 338 536 358 18 338 496 438 957 810 854 804 122 506 761 920 807 405 980 188 899 228 104 722 941 157 724 740 506 443 545 216 273 96 596 958 605 332 846 127 242 870 479 54 826 380 136 159 202 774 501 321 617 432 912 565 930 724 921 180 823 614 371 937 338 111 890 199 385 337 976 110 137 240 64 763 361 328 630 997 592 218 479 128 642 197
613 654 38 912 904 281 536 102 999 186 682 980 227 451 805 908 623 60 518 468 839 667 630 839 662 703 666 449 307 333 152 629 599 572 645 592 473 266 355 128 557 463 484 192 352 871 836 940 603 875 281 242 228 318 596 254 965 110 909 132 762 709 704 97 50 345 888 384 339 715 682 56 478 811 76 239 206 651 575 847 404 509 918 997 103 711 614 329 332 95 406 954 598 891 472 326 456 941 350 732
532 743 950 492 172 483 877 449 330 133 213 178 485 75 318 829 313 295 337 967 611 802 973 669 785 5 735 552 556 898 521 693 124 485 379 937 446 878 913 59 735 535 757 180 977 751 622 867 332 778 688 289 359 350 86 437 246 580 644 175 219 451 969 321 771 843 41 828 780 540 653 86 149 427 92 477 459 131 449 21 192 478 202 712 766 228 173 450 163 762 519 699 358 736 263 861 449 11 217 664
173 983 295 848 137 11 786 150 24 982 746 269 657 386 383 237 299 303 909 353 859 565 713 816 824 300 822 232 888 700 86 469 205 500 182 468 818 36 977 925 580 381 407 67 436 890 197 651 845 925 860 272 364 44 836 564 391 600 741 487 1 104 709 617 33 574 190 45 738 689 504 742 738 129 239 810 576 732 190 643 763 796 928 788 217 839 800 951 111 881 205 508 970 452 372 860 895 332 64 209
525 964 230 68 658 397 218 954 639 331 545 685 801 664 308 205 342 274 234 754 327 795 150 24 718 921 130 390 745 48 312 724 262 313 939 634 148 461 716 318 536 508 971 234 77 11 471 701 793 47 155 877 650 260 310 509 342 476 649 36 199 573 426 786 205 602 347 754 108 984 74 343 825 659 720 266 615 140 23 166 447 916 130 558 680 958 683 145 979 372 503 527 462 689 827 62 983 1 424 638
223 531 213 625 134 981 38 805 597 200 868 579 712 722 842 82 889 546 136 56 611 891 570 660 18 523 951 237 699 262 873 85 34 321 740 790 745 85 549 836 603 944 332 467 576 826 94 415 355 851 900 715 851 191 100 307 16 383 771 744 305 3 197 191 523 585 483 759 144 694 395 74 406 30 311 53 759 539 627 850 159 124 206 86 432 477 366 892 222 696 670 393 878 838 216 977 545 711 305 685
906 579 858 178 172 124 689 976 521 747 146 888 346 596 736 684 756 797 134 238 901 364 545 243 980 56 604 954 832 410 780 851 88 856 732 825 639 735 390 328 406 326 421 294 717 934 937 435 197 238 73 649 921 295 727 205 90 244 205 863 75 98 137 977 378 804 435 328 609 702 808 804 383 853 516 746 256 599 301 342 205 521 363 303 781 903 256 51 836 757 759 931 984 348 640 958 903 447 92 536
675 395 21 930 257 497 866 850 526 502 743 959 901 921 893 327 46 33 331 45 346 733 541 999 460 842 173 574 81 516 352 594 608 117 59 110 811 28 55 91 700 28 162 254 952 581 37 652 51 644 263 84 315 223 511 827 674 826 315 477 797 131 740 711 361 712 80 48 809 409 14 103 218 665 40 340 436 265 587 383 527 560 211 507 248 930 181 148 701 550 706 439 915 203 505 708 517 86 854 896
91 858 342 425 55 196 373 223 389 787 710 760 869 630 29 42 222 508 570 275 979 907 668 872 357 561 639 219 586 570 801 817 344 767 5 814 297 844 460 185 280 208 90 100 546 962 159 16 608 740 59 109 520 289 471 218 817 181 642 78 983 762 57 471 505 386 610 39 864 994 768 981 32 408 399 74 224 821 268 383 251 530 918 873 760 902 479 331 305 308 56 471 200 31 941 605 86 981 366 462
251 715 558 9 320 284 225 153 768 598 515 345 104 996 218 704 635 617 643 701 307 968 133 275 927 525 75 363 902 458 415 59 243 81 893 152 185 317 168 334 624 807 525 877 987 743 85 357 532 111 105 716 763 75 361 352 246 680 999 958 497 811 586 875 303 425 925 873 193 411 531 649 23 778 601 228 48 243 461 538 680 953 487 221 773 527 373 219 230 483 184 423 305 694 273 767 527 59 407 803
157 769 70 14 177 998 846 917 929 772 519 510 865 418 501 710 827 925 170 473 362 424 198 121 969 840 852 156 141 100 103 972 501 921 99 645 943 278 58 272 517 229 107 276 344 733 540 918 165 721 238 397 823 598 653 785 906 945 889 964 812 634 991 733 501 560 452 444 480 842 377 184 471 197 463 844 64 378 572 880 118 655 994 997 5 258 505 890 906 245 245 163 72 202 869 55 446 422 646 46
95 837 986 887 165 104 535 493 721 724 341 242 571 94 839 767 833 879 703 287 771 57 356 344 172 952 385 607 693 532 366 286 399 437 958 717 4 728 843 264 166 691 698 144 94 334 803 283 857 793 562 278 123 186 292 353 343 583 55 825 973 825 112 197 479 813 640 662 986 398 684 183 311 74 635 279 722 485 684 247 306 483 861 292 327 624 489 12 526 924 101 936 970 768 804 969 166 286 469 770
478 527 500 508 871 237 741 2 882 357 158 597 831 603 112 872 379 457 802 579 50 567 33 101 760 475 823 784 246 979 248 183 274 996 234 673 629 136 185 553 992 925 209 368 627 478 300 608 973 304 119 872 490 90 545 92 213 138 856 72 765 554 387 256 716 309 122 787 81 90 26 26 575 167 427 701 797 396 762 30 365 686 859 524 788 97 938 353 613 798 499 51 598 61 291 836 507 825 852 981
557 684 292 55 897 74 490 192 941 679 16 97 914 92 81 640 158 616 208 576 501 472 661 270 410 469 437 604 301 351 0 328 598 451 610 684 936 643 854 26 385 243 491 313 935 831 112 557 494 550 110 542 737 896 567 937 756 83 28 845 598 803 773 69 623 207 213 534 789 791 698 465 43 194 908 304 645 367 335 900 252 271 159 348 811 370 569 491 559 934 5 806 873 55 387 906 933 373 700 229
307 45 117 669 665 161 610 93 84 508 428 649 327 810 993 186 823 58 273 351 498 869 39 236 878 365 87 184 210 964 722 168 793 430 785 853 47 605 366 579 273 62 304 674 231 182 709 457 898 354 520 142 753 262 225 44 922 879 243 941 876 960 796 180 891 513 190 309 208 171 567 681 647 801 252 704 94 54 514 774 854 159 179 201 720 92 968 878 853 768 85 681 262 537 804 847 246 20 904 384
719 325 642 816 0 919 986 7 546 871 80 15 250 787 928 520 595 531 73 643 525 728 217 154 265 972 575 157 961 550 764 13 191 865 741 983 385 805 407 929 921 379 314 400 634 594 491 456 335 896 219 779 540 686 6 209 413 2 974 911 379 822 855 784 278 446 871 766 848 626 90 593 358 437 329 734 696 63 700 443 563 884 59 976 123 351 118 384 1 292 129 271 474 551 544 234 539 155 570 881
172 601 160 954 354 760 957 991 190 566 573 434 638 518 822 113 514 821 498 84 903 308 789 92 788 595 937 343 974 603 214 299 154 578 264 78 238 312 143 319 139 628 800 240 329 86 829 211 608 168 130 463 724 642 39 569 902 442 415 693 961 147 365 466 255 124 534 966 446 810 748 478 738 379 227 274 209 729 260 339 460 642 188 684 117 210 871 817 898 577 918 795 10 462 194 428 729 319 765 128
640 57 27 31 752 42 965 347 459 426 330 856 877 362 462 974 351 461 480 65 906 217 757 186 665 628 834 945 111 850 163 457 207 689 866 850 882 401 766 684 555 887 152 984 286 575 430 9 468 700 330 785 753 224 992 497 236 615 473 782 745 650 718 676 937 687 170 401 574 495 37 994 622 765 898 785 464 571 83 954 619 266 333 4 983 783 878 260 847 261 867 865 856 901 383 586 746 101 720 520
674 490 517 337 947 535 663 865 272 294 380 276 831 751 904 76 325 424 893 55 619 308 498 956 681 499 301 662 240 59 358 515 989 917 980 438 826 960 177 660 737 482 981 589 472 876 751 207 779 330 538 564 677 731 217 984 855 753 770 108 335 428 465 187 69 618 789 353 805 926 365 957 812 265 30 162 820 191 935 767 987 337 485 3 156 653 485 849 667 587 567 997 160 279 487 956 787 427 201 122
98 73 516 28 70 668 506 24 962 316 198 873 556 118 391 779 561 780 917 257 463 135 705 770 296 392 395 253 793 239 834 625 366 640 218 743 182 34 14 682 604 48 685 274 561 954 748 195 486 206 309 546 116 252 205 878 582 793 622 984 279 650 559 315 697 174 270 496 527 530 413 204 727 211 504 137 413 879 125 725 472 46 312 568 973 474 839 43 175 102 806 467 110 261 607 212 825 984 438 35
691 671 408 277 764 468 799 826 925 439 681 672 41 896 12 396 515 96 942 216 113 655 409 352 66 96 778 87 841 686 414 681 585 23 980 51 528 99 872 151 693 110 326 674 99 976 499 4 994 802 739 332 744 954 542 687 211 345 604 681 212 642 200 970 255 681 802 253 430 143 758 736 448 909 233 8 870 264 541 594 394 556 592 495 916 948 572 897 373 616 167 779 912 392 355 280 65 791 110 630
100 329 321 69 375 94 66 17 842 966 605 675 967 784 673 13 622 456 683 333 924 576 47 893 28 445 692 642 592 736 911 418 106 461 570 642 915 6 704 897 905 810 725 87 397 677 134 847 932 868 196 421 522 575 796 673 428 4 586 456 676 657 926 500 940 603 921 297 975 679 678 110 313 536 928 412 490 681 756 681 503 322 553 527 785 948 525 72 990 18 292 915 479 749 979 337 417 974 47 664
101 431 820 487 605 204 787 722 287 141 471 968 79 701 984 349 358 843 848 170 887 980 161 488 531 766 331 595 135 227 530 591 742 275 731 159 997 980 357 715 707 675 909 47 420 184 747 324 59 782 401 148 75 448 504 141 323 916 655 498 796 346 350 353 971 388 229 272 308 452 816 361 166 552 824 918 884 684 443 196 293 602 265 929 360 559 485 939 73 422 693 100 209 627 923 698 292 103 817 819
842 646 593 178 190 33 554 541 245 848 36 762 133 934 153 68 304 9 380 222 777 718 834 624 733 393 870 760 815 971 922 308 924 510 107 168 828 490 562 782 823 526 21 328 805 631 298 164 544 249 553 178 87 991 413 973 773 39 771 845 471 535 310 828 300 576 374 655 976 822 199 720 243 695 350 34 880 222 423 312 873 200 693 967 819 297 282 271 558 565 210 758 353 877 456 885 368 481 622 398
893 2 50 308 41 235 939 715 483 354 802 101 932 140 565 262 128 737 204 309 581 834 645 959 634 956 598 844 463 289 300 56 151 411 18 521 643 927 756 414 598 524 574 670 856 180 621 595 250 778 126 96 233 71 675 239 346 823 361 968 913 47 322 865 690 817 60 12 138 497 857 997 519 178 662 962 387 97 649 135 88 276 446 445 172 167 765 900 323 393 10 80 120 378 550 752 45 145 133 997
700 556 837 148 440 146 177 452 750 1 312 855 790 164 702 805 460 299 174 425 993 255 452 536 712 195 179 690 101 472 145 642 781 843 723 929 519 400 436 152 769 434 781 983 722 672 178 455 547 656 867 867 178 574 487 539 889 720 14 149 768 107 469 578 577 386 482 110 190 941 539 457 837 197 20 886 879 16 188 439 413 695 164 672 27 134 998 485 726 643 259 976 820 601 325 403 20 575 22 102
479 676 948 322 805 662 80 502 808 327 195 953 765 331 134 822 251 789 424 64 951 844 879 316 158 351 789 940 585 807 186 795 318 271 622 604 712 264 529 728 209 407 249 270 186 430 231 209 845 351 347 454 706 872 162 413 357 659 46 549 35 378 932 574 420 220 45 169 661 475 795 227 488 812 770 153 84 354 335 241 558 693 288 9 976 964 342 111 932 515 276 880 820 581 946 848 658 147 651 20
99 262 302 580 420 684 421 135 825 597 154 988 708 306 465 50 975 128 615 607 512 49 194 889 326 873 157 318 443 968 334 816 232 743 162 689 165 997 230 280 27 168 741 469 906 835 0 72 921 413 831 765 310 823 385 111 827 666 705 854 573 549 674 58 661 658 941 270 253 254 91 265 155 578 979 154 9 470 128 20 584 826 874 735 718 993 536 663 247 975 892 778 762 17 788 307 105 343 877 946
931 454 112 858 168 563 174 892 376 744 548 14 741 586 151 168 662 107 313 277 85 991 425 476 973 92 449 773 17 236 413 580 838 907 803 781 369 852 292 594 913 12 103 619 347 589 88 585 67 93 27 673 576 350 220 411 452 366 376 383 962 348 964 966 983 56 323 306 564 77 288 527 298 380 546 49 139 337 651 543 131 203 631 42 393 662 622 273 948 814 243 776 703 828 70 274 877 546 990 912
618 849 854 334 930 940 46 977 217 32 443 1 347 32 320 134 424 281 169 259 770 130 808 802 33 81 350 954 728 591 140 837 127 741 657 468 105 225 538 31 775 844 973 495 136 192 102 999 683 772 275 73 831 364 381 24 673 750 187 722 949 323 436 406 226 613 46 963 150 373 39 880 970 802 339 568 54 104 269 225 75 288 12 310 643 407 117 88 712 438 793 598 241 127 706 824 824 988 913 899
47 339 668 919 747 442 876 231 444 759 128 637 722 990 750 700 425 650 830 346 322 578 704 588 506 992 829 272 29 970 890 523 924 603 399 566 770 676 566 537 420 230 270 897 172 456 86 982 730 680 55 521 864 835 599 462 678 873 676 338 718 244 974 66 422 333 324 909 889 95 985 426 891 488 780 442 345 153 397 199 732 834 534 881 882 967 725 952 933 890 487 84 768 814 423 799 686 68 977 854
538 768 219 938 441 585 899 491 975 508 933 4 403 977 514 7 285 249 7 295 347 932 312 496 864 913 558 623 122 192 734 164 512 602 18 776 743 282 188 353 173 741 409 86 903 289 820 826 828 116 99 808 553 972 667 519 744 60 507 948 43 601 417 479 462 846 744 971 870 112 79 738 802 596 297 21 581 8 948 942 629 162 292 54 337 520 509 73 426 492 254 482 287 613 568 755 71 642 790 192
563 841 557 551 345 685 578 87 279 640 271 408 486 560 897 945 835 487 774 943 52 367 99 259 73 931 189 860 727 854 521 153 154 753 197 603 28 397 856 743 174 49 812 488 916 336 286 174 825 376 205 201 348 702 863 188 644 529 644 28 199 583 878 532 130 214 310 46 609 794 109 918 80 340 55 999 98 506 977 990 107 234 383 845 83 23 540 274 565 721 848 720 347 213 235 748 202 477 284 988
540 3 998 582 630 218 258 865 850 175 458 888 354 673 401 521 667 10 970 416 565 837 169 612 363 949 585 589 281 348 256 344 273 314 933 223 125 147 488 534 965 422 864 768 9 492 277 126 363 166 344 726 184 465 143 276 298 249 934 812 755 719 67 558 599 674 548 362 151 522 219 297 675 644 442 818 624 240 229 334 874 325 244 73 285 332 949 563 917 16 740 99 26 137 551 527 735 987 790 477
493 487 845 113 970 35 536 48 583 791 287 968 188 459 585 463 737 987 128 70 623 671 626 888 197 698 710 790 931 624 86 353 809 263 733 176 432 959 314 894 522 661 463 486 470 462 152 576 816 730 639 414 799 148 421 21 16 385 53 971 436 844 591 744 686 897 850 868 348 834 728 392 799 384 718 399 732 481 309 973 496 303 318 947 859 246 714 948 885 462 931 862 516 36 644 530 809 917 101 344
627 515 406 887 342 251 788 214 650 799 344 87 92 993 346 357 922 451 899 75 207 971 951 547 808 925 573 793 854 984 613 955 698 891 665 223 651 543 161 790 968 21 594 952 406 411 294 21 394 904 960 773 399 333 443 397 993 376 844 774 27 950 606 577 696 919 946 294 778 966 621 22 755 915 705 721 641 880 378 812 539 960 492 261 803 485 700 325 139 168 802 200 919 916 975 370 71 210 722 589
774 35 445 33 961 281 21 804 45 886 157 230 478 147 657 710 977 871 219 890 696 161 757 342 110 3 25 683 889 350 341 818 869 884 755 117 134 717 606 949 528 385 244 184 401 935 358 419 312 913 334 953 766 815 514 249 583 607 212 928 73 460 266 759 832 619 931 603 117 509 619 574 879 435 669 386 837 111 393 383 198 737 968 315 700 154 108 191 426 985 775 31 872 42 984 65 995 234 287 531
994 851 966 247 749 376 844 14 90 377 161 747 153 929 800 180 999 110 323 532 673 158 358 717 855 943 760 74 708 219 922 626 273 717 633 532 717 778 469 681 544 628 112 564 93 96 598 645 864 31 79 321 787 773 281 698 963 599 946 890 5 382 433 16 218 739 934 623 283 448 373 541 261 702 219 343 163 971 359 297 807 442 108 414 844 374 899 350 359 834 597 737 218 545 635 905 349 686 970 983
321 941 562 200 274 183 451 470 838 672 19 351 305 167 530 959 204 524 171 825 891 643 123 491 174 333 50 802 657 229 150 326 386 613 771 823 925 844 54 427 5 549 832 750 195 547 375 720 911 420 462 853 346 288 209 369 399 319 758 494 569 955 489 617 286 746 200 683 93 84 790 551 467 459 447 266 896 106 353 867 681 102 637 659 369 700 873 692 268 0 50 185 608 890 327 789 816 536 173 251
961 604 132 328 781 470 752 692 335 21 121 873 714 257 517 770 804 74 857 542 429 423 59 799 891 384 580 699 20 876 740 799 535 659 301 565 230 864 631 747 371 695 557 31 967 327 153 672 360 924 738 838 470 986 147 923 839 289 268 932 110 956 470 47 897 772 135 315 315 333 936 623 982 601 547 162 779 814 903 341 658 7 768 837 732 36 432 355 755 23 904 183 616 30 914 525 122 528 200 644
153 893 959 791 551 131 859 460 564 206 869 961 648 723 842 432 525 112 706 511 762 721 212 499 451 307 644 779 520 840 92 525 256 836 387 989 399 949 430 454 567 222 372 334 245 656 486 396 755 757 582 251 157 10 900 879 360 403 928 863 237 685 462 144 126 301 47 964 210 750 991 106 151 379 712 505 166 450 270 169 721 176 4 38 295 657 252 777 417 320 685 940 907 542 564 190 137 705 863 825
680 825 131 820 409 922 216 637 873 648 816 83 636 720 765 894 451 539 911 962 601 996 172 7 446 898 781 757 617 982 624 513 164 334 383 111 133 197 872 313 981 714 519 602 395 878 320 440 482 327 406 811 757 34 10 598 522 924 141 161 394 411 928 634 136 235 340 92 571 555 881 306 499 338 941 864 954 471 951 403 653 943 780 571 769 846 535 343 500 767 861 71 780 164 641 836 181 843 629 730
571 779 131 909 909 365 805 321 696 800 182 496 859 89 389 943 760 374 900 86 426 361 815 696 950 682 168 162 691 366 334 340 839 982 658 963 664 616 14 427 447 164 193 827 36 341 530 953 973 799 702 364 29 338 737 766 274 863 966 858 185 732 762 667 353 128 159 522 649 170 73 303 573 648 929 613 161 252 695 220 228 19 272 419 395 738 225 410 8 291 389 24 309 351 708 736 727 734 380 370
60 593 911 547 630 542 392 63 995 521 871 4 942 756 80 812 101 475 373 109 730 293 762 773 180 173 535 142 61 27 431 622 289 409 987 393 938 455 275 293 10 446 851 901 652 992 425 333 891 119 732 984 358 983 964 711 926 561 202 68 323 778 778 163 696 863 423 175 132 653 220 251 503 453 609 701 611 469 547 410 728 132 409 508 694 101 779 772 189 673 543 319 291 442 362 185 19 0 229 392
377 636 943 846 148 510 11 511 346 202 108 965 329 893 202 194 713 437 476 809 688 474 963 976 486 914 367 682 58 405 741 607 698 983 618 869 459 784 715 647 500 866 515 636 260 829 41 405 957 224 533 569 58 961 247 325 351 572 560 425 325 26 649 323 630 405 323 140 924 816 159 579 533 666 908 923 122 774 41 507 138 715 449 674 232 314 291 946 889 902 489 877 1 85 177 707 934 769 326 57
191 116 423 792 123 790 900 275 564 350 52 446 455 295 213 976 805 999 939 231 944 983 473 383 485 62 186 615 483 282 385 851 559 276 643 252 289 684 14 306 438 992 523 170 161 668 761 223 21 821 321 707 296 804 148 930 534 400 845 747 544 923 610 763 324 70 666 391 45 159 879 186 72 917 976 980 169 458 437 248 496 345 327 651 14 552 517 990 150 746 463 173 403 805 444 523 556 800 277 270
626 652 766 914 409 517 692 478 902 37 446 77 62 155 647 663 951 487 465 279 554 217 858 111 783 790 359 347 273 843 598 773 758 259 601 844 739 747 645 966 712 115 449 69 71 755 861 908 351 807 387 99 144 666 131 756 20 824 822 978 624 648 765 600 796 594 299 712 335 176 288 72 679 241 574 596 129 926 70 153 692 855 541 840 473 993 113 943 761 787 780 611 333 263 820 961 534 781 146 403
943 745 666 584 28 49 698 40 321 727 779 306 839 775 146 920 266 570 955 779 26 246 562 924 99 975 52 571 188 324 810 369 897 577 950 498 214 17 243 136 557 352 927 635 740 153 578 814 28 779 600 256 104 73 481 525 974 145 940 518 497 747 136 449 807 599 165 687 898 91 346 827 102 930 709 994 776 168 278 9 230 551 250 175 198 347 890 105 407 442 872 564 854 246 794 751 144 308 157 387
577 822 788 247 833 558 456 78 390 794 282 853 193 951 783 289 467 558 16 284 30 908 567 170 257 855 664 931 728 668 335 573 890 319 238 188 999 400 795 350 834 404 929 440 184 248 434 728 951 974 379 747 725 558 524 47 221 171 36 759 368 810 943 653 905 403 462 558 654 506 866 577 47 640 448 809 945 923 748 174 950 720 640 933 609 353 342 180 976 188 220 381 169 240 149 123 400 524 120 913
298 855 37 182 397 615 756 757 96 584 352 918 578 702 254 650 767 823 950 675 668 836 764 888 344 132 152 931 504 835 45 71 493 286 788 453 123 394 281 255 499 806 865 584 130 77 236 910 1 553 690 112 383 583 723 217 29 16 283 660 733 486 438 702 134 847 930 961 482 871 62 430 83 30 593 40 389 815 260 5 873 308 365 33 944 390 708 876 34 804 359 568 197 799 268 788 995 469 83 744
107 155 916 742 259 590 888 489 475 445 354 848 172 241 60 159 3 149 362 441 763 77 979 219 526 234 269 967 351 352 708 986 99 16 121 221 496 774 613 307 520 97 534 884 77 929 752 245 44 972 967 231 925 305 684 17 236 869 112 297 260 195 651 108 966 524 646 431 571 780 872 380 95 722 745 412 263 565 818 335 511 988 721 154 725 530 820 644 5 323 599 467 923 273 119 204 689 436 482 510
294 511 560 313 873 885 473 775 472 957 215 680 555 554 693 232 730 319 63 250 389 252 523 365 55 937 342 584 624 583 673 49 591 226 316 558 321 507 90 35 827 696 446 813 316 426 941 58 923 336 588 513 96 521 319 207 579 749 989 204 755 302 410 450 705 735 164 295 939 992 672 844 687 667 677 669 675 827 91 323 756 466 201 388 436 783 229 482 491 384 637 645 9 667 148 218 959 710 825 418
741 622 174 905 832 721 553 897 531 760 25 735 368 84 434 22 951 957 131 325 421 366 948 930 404 663 55 724 965 961 688 842 530 150 929 654 665 495 1 226 124 262 127 548 580 518 622 914 594 971 213 580 600 94 742 952 77 388 164 958 820 416 975 416 349 932 150 897 611 874 973 126 298 299 179 194 568 696 30 593 551 554 210 294 28 562 978 818 728 88 211 620 363 931 541 473 738 936 911 904
677 607 425 815 428 85 486 619 492 100 987 548 43 253 539 995 277 242 393 434 867 988 560 131 214 16 286 776 822 855 200 469 168 297 136 764 909 851 247 40 376 925 731 274 896 348 479 178 946 682 232 434 76 704 796 792 824 742 479 329 965 771 858 106 925 220 796 319 338 363 370 941 51 894 774 711 587 494 805 896 911 214 905 947 718 52 501 985 926 706 143 562 485 212 599 620 872 516 332 167
844 64 101 297 896 577 5 410 864 834 330 415 72 366 601 772 606 698 135 863 239 13 635 321 899 922 237 240 966 114 514 857 300 594 249 520 444 393 916 755 598 165 117 525 642 277 160 461 747 308 835 10 398 469 538 451 896 629 79 710 136 644 840 79 29 983 713 856 979 325 633 771 417 594 595 965 594 733 574 403 111 921 575 340 885 689 874 47 12 86 405 122 268 667 357 599 417 580 864 65
716 510 948 206 878 113 780 674 431 731 84 198 343 530 862 886 523 581 343 977 540 82 340 751 30 186 924 23 237 351 536 425 951 712 934 291 454 611 481 967 809 516 280 85 798 823 984 904 175 575 106 67 191 146 448 612 58 364 609 918 116 157 236 444 123 15 108 269 310 584 134 671 367 774 929 640 324 770 124 439 388 535 56 948 318 551 703 78 787 380 283 810 982 817 701 376 947 505 504 70
963 532 997 609 908 641 602 595 787 252 380 36 297 862 841 545 828 605 93 645 745 62 216 387 510 834 217 261 966 439 178 945 700 81 459 695 894 460 969 192 218 147 957 924 718 523 515 878 685 177 430 313 78 201 138 798 987 849 465 78 549 671 481 349 550 69 912 500 264 378 216 684 660 78 776 530 500 769 386 773 810 344 143 293 501 394 796 531 16 275 789 534 28 214 940 963 359 515 27 724
947 37 919 228 254 605 762 375 381 191 394 311 728 92 342 580 352 415 919 39 23 339 354 438 321 204 91 886 910 376 673 69 88 567 29 900 192 781 575 643 348 826 368 74 118 176 259 573 551 420 989 74 392 577 430 108 840 906 862 301 203 362 492 718 52 374 826 592 412 596 614 576 872 636 499 313 699 575 797 851 953 882 486 830 812 581 251 101 738 436 819 369 644 272 805 159 759 649 182 19
81 885 507 803 91 735 833 778 468 986 513 912 551 409 684 942 88 726 392 334 535 941 23 308 761 16 611 775 559 50 413 521 401 763 476 91 150 240 943 734 934 92 623 508 58 654 320 890 535 27 119 41 8 117 228 541 25 923 330 891 93 154 211 275 835 557 882 342 378 411 687 719 474 700 532 841 343 235 152 539 582 55 397 861 138 506 746 528 386 522 943 254 616 591 938 384 304 53 658 946
998 822 318 111 836 569 417 408 632 139 877 783 365 651 968 96 900 581 228 569 90 944 844 731 247 703 282 744 607 510 919 742 778 511 741 402 521 325 707 403 946 819 341 79 855 16 789 638 153 877 536 159 846 122 565 185 405 188 789 821 297 231 687 123 894 353 441 302 969 921 968 537 488 406 372 291 656 251 173 809 937 740 835 335 849 516 244 26 324 615 292 585 17 45 410 318 90 462 937 542
480 523 282 542 448 637 153 94 803 264 72 461 552 278 433 118 796 872 790 194 942 319 932 208 728 722 639 676 875 712 135 439 119 918 812 660 635 10 816 105 368 548 187 247 921 557 69 611 294 31 262 113 863 852 852 722 771 87 868 72 989 23 364 354 589 63 771 163 813 348 297 73 633 753 959 10 2 574 478 484 578 154 578 421 915 417 936 98 976 308 99 461 468 416 513 811 759 938 554 122
587 752 914 379 735 343 785 351 906 242 408 893 60 187 670 267 254 235 112 480 152 775 39 554 772 184 637 941 300 670 755 515 677 895 529 375 258 0 497 197 36 805 348 79 986 803 449 626 515 444 478 894 512 220 942 29 902 134 210 563 903 417 505 39 512 852 216 376 300 827 371 843 27 341 227 547 64 836 869 479 406 582 814 299 582 506 763 272 742 645 170 846 904 827 898 657 667 96 77 44
571 664 600 275 915 408 763 758 750 96 895 125 831 921 600 916 853 619 790 71 443 729 976 319 385 851 787 858 26 577 868 398 315 630 363 980 874 263 104 987 516 824 100 195 183 729 19 466 41 23 331 832 219 58 499 134 673 840 868 345 706 274 27 396 451 629 423 652 983 815 406 180 131 81 475 879 766 497 696 484 317 553 68 226 549 47 583 808 868 222 980 327 269 396 726 33 534 285 477 751
274 722 295 699 347 28 487 146 246 777 692 937 76 804 406 183 141 546 612 116 374 598 483 214 225 102 142 150 922 682 477 344 36 358 930 417 529 394 775 561 440 526 893 171 420 311 828 836 337 902 183 533 592 553 647 966 905 397 27 839 69 391 574 524 835 498 816 634 483 322 993 856 130 227 63 879 627 175 265 923 862 356 760 33 630 594 500 314 720 951 277 295 847 935 174 137 623 686 256 428
211 70 187 530 33 655 943 511 763 263 542 707 415 53 128 255 884 814 490 999 956 23 901 572 739 495 911 464 270 716 829 239 180 60 894 918 536 715 737 214 466 180 864 303 638 818 261 264 512 594 621 790 14 350 14 416 888 13 993 823 439 786 537 737 354 309 842 274 92 548 562 110 113 621 776 589 961 336 119 917 460 333 296 332 995 762 319 922 145 793 612 214 141 933 326 576 670 576 914 887
58 889 969 859 615 373 771 326 145 768 163 378 869 351 175 802 660 408 794 789 262 664 227 125 907 705 696 947 85 137 456 979 441 488 687 202 838 769 177 712 790 359 507 899 419 88 272 494 62 132 292 151 88 303 330 958 809 670 421 770 969 544 789 850 259 665 879 750 102 885 964 927 609 987 206 234 587 162 325 470 594 664 861 344 704 861 835 503 858 669 715 149 436 496 886 402 811 624 423 743
519 887 120 238 668 616 61 626 698 770 537 954 311 51 766 487 534 689 908 261 81 208 334 913 959 231 656 159 404 631 534 136 141 552 912 985 573 612 223 929 487 848 822 8 270 80 21 539 340 746 521 972 826 543 660 403 797 578 379 335 594 416 125 394 810 131 668 212 239 675 423 817 413 235 514 290 330 206 490 526 787 285 421 89 564 816 852 315 545 833 690 773 497 612 475 540 906 336 640 936
238 773 525 502 293 517 856 415 995 155 525 69 139 578 563 175 699 462 711 422 570 301 523 949 52 349 839 887 502 163 778 220 340 824 115 723 516 199 138 963 312 258 629 940 790 927 755 525 847 29 686 571 491 383 43 184 554 126 486 455 283 965 739 323 759 334 928 487 959 140 282 754 898 137 48 476 21 940 310 267 695 619 294 445 974 77 569 627 427 55 318 369 428 366 73 105 331 223 407 920
590 933 25 317 263 45 598 807 550 637 178 26 613 741 664 314 134 649 405 463 32 935 221 176 897 44 553 377 31 593 220 195 259 307 584 382 670 597 581 662 51 913 593 974 791 642 797 512 805 355 421 981 168 198 967 737 50 71 73 909 900 751 995 923 510 945 625 118 874 994 792 352 472 637 512 3 393 666 275 912 93 113 772 841 983 834 971 498 51 849 131 990 51 917 934 113 575 152 438 95
20 130 392 221 383 997 137 485 893 425 78 229 151 683 701 910 724 55 546 635 844 243 45 712 687 98 673 429 938 474 284 303 935 309 379 298 367 396 901 65 34 327 978 103 710 508 590 520 862 614 111 277 701 148 655 427 450 323 784 280 568 220 105 613 582 777 70 864 100 79 54 287 894 441 669 683 873 753 946 728 616 967 161 372 211 736 166 499 581 489 580 869 901 407 141 219 873 24 896 797
533 4 458 824 744 738 123 435 938 732 400 34 281 905 224 89 876 523 0 946 329 404 961 167 17 918 951 366 467 463 182 558 611 348 512 298 933 247 853 610 1 24 225 742 481 431 170 739 971 345 188 731 315 847 280 91 658 771 712 453 528 511 705 119 960 6 203 681 684 701 139 521 475 306 930 279 779 219 687 406 996 148 501 186 6 634 992 902 37 964 292 904 218 458 832 715 886 919 412 562
696 779 904 847 278 716 251 212 608 849 650 12 668 750 969 809 969 689 832 859 395 155 797 396 657 832 186 82 925 594 949 449 837 80 505 381 374 245 505 156 726 11 233 142 881 669 243 299 168 838 646 254 215 838 323 339 223 221 560 660 18 723 559 754 463 640 38 905 72 535 787 84 101 432 429 483 577 816 57 409 248 797 402 986 902 57 354 577 150 212 9 323 175 639 309 239 674 582 882 212
155 195 177 541 885 591 156 99 162 970 427 166 313 927 147 996 575 853 841 556 233 927 704 188 174 769 861 500 658 197 321 392 526 107 877 264 276 146 924 297 572 537 328 127 538 413 912 841 812 251 302 836 678 585 618 712 451 625 927 857 607 763 644 10 228 15 797 407 171 451 302 295 692 285 835 712 168 427 872 353 97 240 446 855 815 66 613 828 178 918 403 166 524 312 122 63 397 942 737 135
21 632 264 395 843 307 704 186 378 222 361 37 164 622 791 341 933 470 807 904 7 280 83 900 644 624 254 531 80 169 162 87 395 62 389 531 257 230 244 229 225 494 246 327 681 194 726 12 741 64 124 659 388 586 263 928 310 499 514 766 668 653 150 827 986 906 593 80 415 528 998 269 914 359 506 90 838 264 958 806 936 644 44 78 680 123 725 783 61 238 350 59 432 717 997 157 344 447 128 493
963 290 490 456 138 195 136 448 450 357 495 787 102 458 767 275 649 309 695 685 75 775 465 443 611 250 434 996 385 796 547 2 597 924 825 508 852 207 523 667 381 325 428 992 791 307 936 567 916 173 151 488 640 298 266 615 562 971 895 805 704 940 847 748 752 59 6 520 715 440 634 567 268 714 122 803 459 231 869 144 655 141 444 568 811 742 663 820 415 379 847 564 161 386 118 815 383 395 458 144
695 164 533 85 224 580 166 565 921 478 878 172 784 978 196 729 780 818 289 430 798 603 3 312 139 996 736 995 551 686 996 514 76 726 500 280 804 882 408 261 639 335 671 493 382 374 237 686 358 819 226 455 109 860 349 516 729 973 225 530 672 154 418 0 847 534 325 936 323 150 651 697 396 632 520 274 500 55 389 941 452 46 680 568 265 80 707 821 607 780 717 421 161 304 454 125 268 36 999 408
709 187 209 763 150 751 457 441 647 706 656 108 311 511 14 497 474 451 197 54 459 371 785 378 351 616 736 844 861 348 837 78 312 65 407 746 890 685 691 642 258 724 961 979 733 576 702 869 460 254 16 758 317 272 392 998 912 543 881 322 565 563 643 687 541 816 378 867 520 268 384 956 414 518 450 484 798 671 570 414 487 311 232 904 333 233 550 502 198 835 924 163 62 780 243 498 116 422 979 987
814 620 208 906 198 104 754 346 690 241 122 240 436 783 271 87 460 408 54 299 591 466 52 814 454 50 411 582 130 864 25 276 956 870 254 535 902 249 486 981 747 841 29 385 692 161 999 687 233 843 181 620 212 20 28 135 601 35 936 805 315 764 459 771 252 134 106 415 124 412 976 237 232 890 695 707 80 5 392 418 279 35 958 566 729 820 576 237 193 120 485 699 171 403 405 103 190 423 412 938
559 379 277 148 620 33 653 137 157 427 528 858 254 462 458 644 488 249 754 464 39 27 480 681 317 457 456 934 832 425 160 451 663 964 164 236 37 880 93 433 481 357 988 931 2 666 866 93 964 247 526 9 69 571 978 602 260 28 893 80 993 763 712 742 586 877 75 747 524 406 532 206 854 926 270 540 984 212 214 756 609 302 619 837 595 573 427 770 297 162 758 210 448 170 811 336 566 716 625 611
962 850 292 620 655 886 327 71 604 704 845 776 647 852 55 100 330 352 984 466 317 898 184 49 681 29 437 668 475 173 293 450 986 813 870 490 948 800 985 45 935 837 711 764 674 599 787 216 447 586 374 226 122 412 193 626 681 849 945 442 945 59 363 459 339 26 48 873 830 594 336 528 129 499 278 775 614 128 311 947 537 506 523 640 590 242 171 175 415 836 476 743 670 789 114 849 502 617 718 867
60 165 998 932 582 905 381 662 872 117 585 882 454 684 650 717 865 743 937 684 0 643 473 115 477 643 906 800 153 749 480 141 12 841 309 965 645 238 861 540 702 145 965 658 918 72 786 942 174 882 339 214 743 335 666 819 848 957 540 193 656 264 209 960 102 168 825 684 768 251 928 368 754 588 440 424 7 746 453 838 636 114 548 346 373 678 376 296 806 503 789 874 995 176 235 731 157 835 736 867
15 692 941 162 277 117 721 196 444 750 191 302 123 844 151 544 668 843 418 521 26 165 326 653 489 709 533 921 299 166 322 266 41 598 259 800 699 809 386 243 164 507 731 523 323 911 150 149 837 54 858 530 151 460 109 410 42 707 856 298 519 98 731 756 840 579 42 275 19 238 787 267 544 365 596 781 212 705 834 288 651 25 154 109 645 2 588 633 572 140 793 865 867 947 657 116 542 572 308 103
393 925 443 368 416 899 199 125 614 800 154 733 558 397 912 623 756 266 961 546 336 65 905 967 379 470 782 588 203 492 650 100 342 115 225 141 772 431 718 458 103 904 212 294 451 312 312 656 436 729 715 760 237 89 422 186 653 638 340 59 492 63 495 490 21 319 197 70 523 40 933 750 251 442 158 619 219 825 55 305 517 71 911 507 333 742 897 316 232 572 807 405 180 673 401 185 355 35 303 470
976 801 78 385 828 674 203 51 181 118 620 239 440 656 791 986 965 885 27 795 726 82 692 125 261 590 129 200 938 694 372 135 376 815 495 267 749 381 622 929 971 871 991 400 878 834 80 368 484 563 164 799 421 21 143 729 310 168 468 14 460 93 730 462 467 913 915 501 926 948 722 284 20 368 62 674 718 582 840 753 215 487 428 357 493 545 543 516 65 587 299 793 87 141 436 602 715 843 250 772
93 26 95 496 653 30 145 7 879 458 670 257 888 356 737 504 770 946 753 575 51 97 577 432 334 228 630 208 159 476 284 826 368 334 373 992 771 926 765 117 595 134 446 579 336 933 802 651 961 154 933 97 457 663 843 801 728 978 446 191 817 512 650 483 566 241 748 554 284 634 938 61 181 585 654 437 207 852 434 828 145 679 864 718 240 24 128 722 278 169 195 940 791 516 517 597 145 435 811 510
