100 100
567 923 691 983 657 481 934 432 255 780 457 663 15 361 799 691 187 360 400 818 814 6 400 494 473 25 745 857 381 481 518 515 183 24 494 925 815 437 739 612 134 107 894 130 453 429 907 639 507 621 116 548 350 602 9 657 564 849 86 978 846 982 87 3 248 106 793 921 344 98 806 24 95 500 601 104 462 264 641 410 129 533 747 735 538 604 300 304 232 997 472 384 48 29 140 314 906 730 22 385
598 542 735 618 348 92 792 546 868 676 694 580 247 610 947 667 393 573 338 492 13 0 627 104 54 493 372 861 813 797 190 965 332 385 915 133 6 31 702 817 355 443 747 198 537 864 770 330 422 134 985 443 705 705 750 8 289 989 945 602 491 761 3 0 760 510 752 792 752 813 319 821 861 311 518 131 605 345 759 488 985 639 627 244 867 431 540 18 969 825 654 437 78 609 454 93 903 208 949 507
966 974 617 189 704 311 944 319 814 960 663 332 681 562 288 868 371 327 908 517 990 525 728 880 502 117 241 191 724 179 307 998 734 64 468 298 491 759 578 307 244 378 110 480 361 153 606 67 252 576 259 181 492 441 590 995 419 693 758 765 398 824 660 126 237 88 863 715 494 157 320 432 975 58 915 710 207 306 731 114 618 698 290 749 679 487 839 659 636 441 582 214 554 288 610 28 31 661 31 896
635 865 767 301 11 224 93 39 844 102 680 365 326 259 427 75 878 708 66 860 516 958 856 961 222 597 999 665 9 549 20 463 698 245 530 672 597 527 767 664 178 359 872 315 967 121 303 240 622 629 637 766 918 989 129 943 878 540 96 404 118 820 958 905 72 576 599 736 378 99 841 629 46 947 859 529 657 583 125 948 953 457 966 202 65 518 338 791 299 186 487 110 457 277 584 520 72 267 262 771
656 434 19 537 936 147 550 122 624 502 362 504 842 741 505 618 287 619 836 51 822 205 521 927 719 177 304 397 945 798 343 656 921 769 938 771 188 853 86 201 808 872 186 415 227 626 624 727 888 510 735 94 63 473 490 70 488 195 757 290 197 987 720 161 807 12 28 484 416 620 167 924 995 409 785 566 899 378 936 524 50 56 748 366 259 383 104 442 26 228 26 268 669 888 540 594 607 552 457 300
17 327 770 560 663 92 586 731 138 818 503 75 256 226 517 408 508 77 212 863 497 515 853 598 895 88 430 91 212 33 631 16 667 266 109 269 214 527 885 131 457 268 105 619 168 375 411 934 302 359 726 105 708 929 59 218 538 564 750 317 895 945 944 848 767 30 903 521 764 384 67 775 559 691 343 301 409 211 299 907 249 245 560 67 994 890 947 244 850 942 778 704 258 163 638 29 36 232 575 600
311 961 302 158 727 183 654 889 108 703 843 393 922 116 249 92 96 357 423 570 235 287 727 451 834 458 573 521 35 12 165 74 359 716 808 728 0 566 221 108 679 51 328 959 469 520 572 445 543 299 52 105 434 45 675 282 892 924 822 936 128 647 474 869 378 919 134 569 848 480 824 66 673 218 318 660 710 935 118 466 821 311 322 917 49 142 242 808 67 421 437 282 934 256 771 600 698 631 518 647
829 571 109 995 331 645 47 752 580 504 825 843 745 206 458 505 910 77 359 161 601 882 386 635 29 134 441 707 456 881 704 380 857 175 404 413 660 335 180 534 643 576 920 57 764 802 257 409 904 894 344 949 421 410 145 693 416 535 405 976 590 887 188 407 804 37 809 582 339 36 815 452 469 905 215 286 32 73 252 312 407 31 486 944 939 462 151 894 203 476 328 643 874 621 514 727 926 795 671 186
741 767 673 643 696 241 885 113 955 934 663 552 20 169 775 815 802 511 475 158 308 31 700 274 118 49 651 159 329 34 549 159 795 862 500 982 584 375 859 2 245 206 945 316 791 941 26 469 133 590 834 14 791 198 497 270 282 353 240 366 455 789 600 44 953 278 991 93 202 120 159 19 382 236 341 404 84 514 862 821 996 706 658 549 869 291 70 896 653 523 696 549 314 660 761 100 696 973 418 169
642 2 656 589 382 835 111 557 462 449 637 786 620 74 891 258 726 55 159 646 713 606 811 359 142 411 924 589 990 189 502 263 992 498 948 873 223 182 410 834 226 272 963 835 506 915 785 889 475 836 13 351 751 913 854 13 33 435 116 2 365 130 393 824 844 408 332 568 420 437 582 198 941 260 119 715 5 507 124 44 651 587 864 57 908 340 270 571 806 658 491 188 575 639 369 325 477 974 700 842
602 947 367 410 412 122 374 518 757 879 373 168 123 873 240 154 583 894 424 134 63 290 822 221 461 188 363 319 642 651 904 332 511 208 803 18 565 200 559 946 979 756 959 541 713 5 691 962 205 761 780 882 677 228 619 968 17 873 809 144 123 406 775 357 458 989 957 849 792 10 365 132 566 591 219 249 865 890 596 234 379 232 414 352 970 214 508 640 263 103 791 402 104 38 834 423 33 884 996 557
314 5 202 157 328 368 426 921 384 522 934 835 952 211 70 173 77 358 818 913 976 957 604 533 826 869 745 705 983 914 462 591 544 435 150 562 771 295 372 589 394 687 465 857 342 519 195 462 80 834 716 579 315 943 68 739 190 696 213 611 9 856 839 883 712 296 646 287 69 56 779 396 714 552 838 488 777 878 73 641 355 684 970 729 530 445 929 126 111 819 497 632 253 747 364 195 850 987 892 784
300 914 960 754 925 46 308 787 87 372 289 191 738 971 450 239 625 248 220 459 580 394 663 302 189 839 266 200 375 895 838 741 823 66 812 896 771 938 990 467 794 385 812 897 19 940 726 748 994 412 49 963 711 5 827 244 212 365 79 631 165 523 895 727 148 533 659 83 902 661 433 395 720 956 946 661 221 114 153 973 365 845 98 814 361 980 304 363 906 271 24 81 580 479 820 767 961 260 944 769
309 887 608 805 331 86 544 39 499 619 926 534 153 103 174 541 700 432 416 574 492 557 942 929 671 295 528 620 452 165 576 886 989 402 870 322 861 10 785 599 389 74 556 716 422 134 6 388 787 269 120 58 393 858 735 557 287 949 423 347 329 947 307 400 576 464 518 304 62 746 769 361 281 802 668 712 926 353 93 110 247 160 123 878 155 485 695 206 555 998 446 729 825 726 983 921 443 719 1 672
539 662 772 528 68 491 34 989 601 58 769 176 932 728 690 343 429 493 908 858 202 921 699 699 608 4 535 448 304 9 294 134 132 160 771 326 48 43 53 578 608 743 153 452 380 317 49 775 693 817 744 694 436 428 705 804 273 416 837 903 391 493 904 966 20 566 919 525 745 867 95 434 889 854 73 70 827 246 862 943 785 213 511 314 158 139 212 739 673 457 187 458 18 700 505 71 826 487 141 401
422 365 834 390 444 741 581 249 607 138 760 170 376 561 517 970 237 191 684 752 832 680 850 37 418 259 697 4 649 178 695 96 606 256 354 899 384 484 661 269 845 458 564 885 194 575 90 937 656 405 271 573 596 371 701 360 63 908 523 602 784 716 378 989 696 997 344 814 754 733 785 265 27 429 564 810 904 694 98 568 266 763 281 107 82 262 711 826 864 778 282 808 610 172 303 42 44 628 692 389
476 741 382 902 382 857 473 854 385 597 107 924 474 934 217 710 667 475 646 650 436 642 49 487 362 34 710 192 830 301 344 509 336 166 265 293 462 453 407 76 6 595 813 803 271 839 675 965 662 247 317 194 965 109 114 915 939 60 870 705 789 830 223 612 967 510 281 251 995 508 85 65 770 444 781 484 481 654 118 190 934 917 623 336 864 484 590 348 949 274 357 608 954 927 334 388 780 29 175 569
758 778 245 972 642 418 770 731 114 987 400 797 198 261 114 839 920 861 398 8 769 941 252 208 70 509 885 772 403 900 31 45 900 848 996 848 336 965 188 821 807 936 610 867 949 232 577 116 123 221 686 89 343 619 780 478 866 925 122 232 39 227 710 803 99 752 223 214 769 618 931 558 584 414 194 174 860 171 802 345 241 206 930 959 320 525 616 40 796 273 383 312 639 417 890 636 933 994 91 474
944 515 605 942 952 119 136 397 568 205 409 694 90 17 108 918 611 769 641 686 437 660 822 356 163 902 158 53 826 435 77 996 616 50 173 620 722 747 643 849 319 269 338 732 172 314 940 990 131 562 570 77 605 733 860 910 806 904 47 996 649 430 131 803 26 905 487 628 916 130 100 490 371 776 356 76 163 903 46 106 788 764 424 597 884 464 136 407 109 360 259 988 241 916 33 210 665 289 374 631
305 157 188 799 669 264 994 205 708 57 623 488 808 911 557 254 403 663 585 812 838 614 52 794 367 673 108 11 27 905 128 82 555 117 467 624 920 374 319 788 444 578 298 900 107 886 13 590 94 276 984 189 714 442 645 723 629 392 220 124 215 142 785 549 985 937 730 935 949 822 801 969 594 330 712 948 84 525 236 735 701 549 209 4 236 838 908 756 979 728 495 68 186 875 780 414 953 194 746 457
86 611 782 532 956 927 643 149 986 900 935 339 234 681 281 817 766 332 974 281 406 852 900 402 471 545 867 478 74 17 842 297 428 365 401 816 492 420 348 999 93 93 774 534 953 436 800 411 907 822 223 294 640 718 350 150 532 231 816 986 81 835 452 99 892 187 618 471 975 355 192 250 964 273 89 885 136 955 982 196 781 243 962 91 593 498 151 142 766 634 354 337 600 281 979 423 785 82 362 214
727 442 450 242 833 97 334 307 581 771 366 275 66 76 999 270 635 583 90 651 992 642 882 495 409 429 511 311 916 479 421 368 905 636 266 930 649 210 496 845 396 418 283 968 956 339 783 338 500 103 902 506 623 715 638 968 219 670 66 392 318 146 190 571 496 200 778 637 511 480 471 173 645 436 991 182 447 502 245 154 354 221 815 476 959 421 882 684 371 914 113 803 119 679 90 489 596 309 141 583
870 937 569 622 452 193 792 833 181 43 299 787 291 97 613 956 729 742 177 322 68 746 910 325 814 946 757 333 849 605 338 261 760 852 998 419 848 403 627 976 68 208 241 879 104 968 720 657 208 799 880 598 124 622 59 888 678 78 898 642 761 610 625 195 567 964 500 350 105 120 571 357 768 503 786 633 818 144 885 380 972 851 395 79 79 301 544 545 114 130 861 983 740 833 291 168 979 974 130 625
792 386 233 653 154 149 997 185 938 77 588 506 843 989 8 796 440 302 55 196 29 739 577 12 491 68 993 380 688 118 744 478 385 412 664 482 539 653 523 152 902 608 911 558 543 230 244 548 667 429 517 857 370 384 483 731 694 705 470 754 772 805 629 273 578 936 834 253 913 323 816 595 811 753 961 530 690 728 78 176 893 736 548 982 667 190 261 84 638 701 146 244 104 825 137 731 679 437 143 561
360 438 855 775 477 83 862 223 634 923 401 887 844 880 924 88 458 97 921 673 593 529 371 234 378 738 294 585 770 439 781 881 133 881 948 205 220 822 73 848 229 457 780 478 535 248 748 20 692 783 985 304 865 403 796 394 937 479 126 946 474 964 747 775 850 606 986 594 741 677 392 438 530 936 514 635 624 956 657 728 224 866 356 695 729 75 996 280 615 17 353 116 442 298 340 780 493 671 259 76
825 11 81 968 563 448 235 26 949 394 722 811 991 743 202 624 639 212 542 164 6 15 303 111 345 56 209 634 780 194 557 903 266 870 837 965 600 234 966 306 779 98 231 580 432 567 783 195 753 80 260 22 365 566 572 282 153 413 931 191 249 218 479 574 887 825 868 57 599 717 768 490 390 614 457 29 192 660 122 369 75 922 302 546 462 930 899 65 972 208 940 901 135 652 434 69 269 386 556 78
206 875 986 692 276 176 787 291 309 439 983 64 335 775 846 945 466 904 749 799 59 514 425 468 8 707 151 753 780 349 672 515 451 706 159 235 625 100 918 4 790 803 808 345 602 722 286 591 616 942 926 520 50 926 72 650 246 798 542 581 724 526 20 664 640 278 686 586 107 94 588 296 615 683 294 377 505 662 667 78 183 958 712 188 57 248 928 76 195 596 154 457 872 624 779 12 344 758 164 111
463 350 571 88 518 593 334 631 613 302 822 270 213 562 37 876 768 204 766 995 652 705 198 234 208 970 95 312 130 238 495 679 44 702 345 32 180 341 196 100 548 253 951 263 147 370 538 715 540 657 15 879 496 7 863 754 874 583 401 4 643 466 868 106 616 976 68 348 457 327 871 724 161 321 342 444 305 840 507 209 156 409 413 749 964 172 985 28 923 981 510 459 273 304 468 697 762 86 79 207
0 156 607 70 281 884 280 568 505 606 143 389 79 339 217 100 995 813 190 398 538 391 557 721 601 408 513 676 727 831 908 913 776 269 513 175 125 227 134 712 786 635 624 851 933 472 292 978 224 973 163 183 9 921 393 861 650 164 289 881 819 164 740 293 434 809 134 749 348 721 145 109 725 251 753 349 669 332 718 16 369 177 847 551 776 994 140 969 301 75 664 157 397 964 525 765 285 744 994 699
902 374 877 836 178 423 810 990 584 9 775 204 699 704 185 492 451 153 194 343 740 916 665 376 480 968 125 683 985 579 476 320 902 622 18 711 664 189 711 613 570 269 395 687 853 896 666 914 424 358 810 869 80 53 229 282 457 965 61 712 164 501 865 26 147 844 402 301 968 401 62 714 51 852 103 704 742 405 418 796 773 792 5 129 749 584 364 794 87 200 183 909 952 948 65 822 307 681 811 933
56 285 433 375 655 733 654 297 376 102 169 623 251 582 990 532 105 476 103 731 178 273 996 884 252 610 156 978 379 498 31 453 509 955 902 887 251 837 935 416 448 331 792 228 50 242 528 20 994 950 458 770 114 899 684 91 755 977 245 631 471 301 691 926 597 142 432 699 796 478 621 238 910 845 709 152 505 544 240 622 869 600 895 288 675 727 339 562 688 636 63 85 544 876 62 397 266 652 439 114
83 982 653 225 417 469 279 442 713 805 550 668 995 52 699 147 621 548 65 757 578 101 445 137 538 42 966 902 1 793 15 511 281 476 818 475 253 645 234 579 951 382 885 860 127 573 509 903 21 471 19 292 952 436 609 798 187 568 814 584 103 878 247 874 109 721 938 894 747 953 292 748 756 822 168 798 39 57 247 795 449 555 127 919 789 356 850 842 26 834 164 611 243 248 821 273 919 412 91 200
924 260 231 271 269 988 931 9 164 778 506 754 762 584 911 399 183 683 709 663 112 994 171 305 411 490 546 773 88 764 895 265 534 902 5 399 333 487 645 686 266 139 726 562 302 220 89 427 880 89 9 850 23 380 465 772 630 570 94 579 14 786 203 656 485 400 365 206 826 984 391 751 159 232 802 229 203 927 559 100 826 901 863 179 945 491 479 822 560 448 390 83 880 568 732 458 55 92 310 193
192 258 730 652 551 247 348 735 481 96 736 510 870 927 629 787 884 360 519 340 385 333 587 362 818 188 715 6 54 888 746 22 917 176 563 82 642 873 488 432 294 772 328 334 464 836 735 852 103 330 291 184 141 278 457 770 113 753 314 770 103 605 615 961 41 638 549 325 955 329 50 453 816 499 695 271 216 389 656 602 639 883 782 353 131 289 618 702 691 331 192 816 551 528 271 604 647 669 340 176
540 338 707 910 986 565 560 915 90 71 526 717 599 117 233 707 779 299 575 544 867 272 437 978 939 811 176 173 210 492 999 540 108 486 318 94 72 347 650 969 368 628 529 917 283 614 138 36 500 493 99 335 837 991 219 935 325 421 583 526 799 803 902 494 151 382 165 407 831 540 827 757 427 643 0 126 984 6 993 879 485 193 978 817 893 22 419 739 913 179 396 464 941 426 900 724 574 517 70 763
303 153 308 958 229 475 744 350 773 667 254 346 192 661 406 770 804 117 67 434 723 538 154 412 543 627 226 252 967 912 881 324 543 406 752 268 779 483 812 422 814 841 876 999 149 706 904 217 580 987 76 857 678 128 596 40 841 652 869 896 507 446 552 903 285 14 230 561 637 187 933 816 964 57 131 528 926 13 334 873 574 682 332 873 97 773 426 351 419 875 227 690 692 731 819 701 466 766 130 173
40 564 465 870 912 95 494 254 449 10 12 861 490 756 916 704 806 502 949 367 296 395 790 143 444 495 2 555 766 358 358 893 567 730 885 861 490 2 970 282 489 89 502 422 5 641 856 476 613 116 815 107 929 237 484 827 812 252 815 442 738 424 287 553 836 96 823 628 710 330 413 477 377 786 52 788 606 262 221 640 151 284 776 233 701 168 590 917 968 557 670 453 525 274 240 751 930 703 760 310
150 877 974 61 997 940 741 955 843 656 501 777 822 581 161 286 720 340 830 185 285 75 866 906 346 983 867 106 397 494 253 12 42 814 395 584 196 598 49 203 117 140 814 503 857 794 880 63 426 906 606 190 414 241 449 632 225 208 477 842 740 960 324 969 864 767 826 101 121 610 949 111 142 110 243 240 733 184 198 122 259 349 150 833 762 767 1 464 294 135 456 989 12 46 575 454 86 953 761 73
65 26 705 794 159 624 886 825 13 813 651 466 815 993 114 796 66 819 529 113 754 875 399 587 294 987 157 318 293 601 196 103 50 716 909 630 745 807 286 646 288 353 733 765 415 354 410 205 499 439 213 690 988 944 18 185 393 804 916 881 339 600 189 175 538 567 72 738 549 82 355 810 941 0 320 676 761 682 702 569 28 655 641 645 609 54 350 537 972 150 941 565 925 58 295 219 953 16 364 474
186 516 241 758 724 823 572 290 322 834 233 479 639 58 944 697 647 425 810 304 331 163 780 540 801 393 27 315 622 24 209 531 675 368 392 579 435 140 270 199 366 867 394 660 955 739 733 367 466 456 795 992 254 153 400 884 149 620 166 873 419 79 906 553 179 697 419 778 819 669 258 32 191 370 698 716 484 694 123 792 358 184 242 465 647 565 336 70 531 411 28 691 428 118 118 477 812 167 732 913
782 153 851 693 766 742 789 168 212 891 140 806 623 220 25 650 714 749 183 364 625 252 611 154 97 761 640 915 994 86 934 804 920 162 424 119 421 579 739 791 716 590 934 645 433 515 441 169 957 124 926 474 950 170 922 910 955 522 321 3 456 448 977 247 542 570 640 612 861 557 716 921 650 678 731 807 508 579 42 973 912 361 251 833 951 320 67 821 819 402 755 819 828 272 126 22 879 230 70 939
951 419 350 270 868 199 111 297 682 944 528 386 881 823 709 451 617 9 35 337 248 511 723 560 492 192 498 666 50 903 626 293 411 896 875 267 447 992 43 57 975 380 623 791 710 61 442 60 857 913 462 585 77 838 551 306 240 809 482 988 924 401 927 304 369 120 62 67 70 411 432 611 462 365 605 183 864 886 736 281 506 761 630 116 350 49 4 392 992 186 404 488 376 625 955 395 958 955 962 790
283 14 479 863 650 724 982 72 202 896 435 349 586 802 551 300 828 518 62 20 244 719 881 118 391 856 596 653 231 342 299 591 637 416 156 189 278 999 329 838 283 858 542 245 943 796 695 898 938 200 793 446 304 696 894 972 827 932 825 357 121 830 717 588 507 832 70 899 733 917 556 465 528 771 758 224 358 957 549 392 695 777 783 438 447 52 695 444 754 886 292 533 287 452 560 994 628 871 86 791
498 709 199 935 259 698 778 240 933 138 675 733 456 769 794 491 287 887 397 177 493 330 481 997 773 900 197 37 568 984 42 733 713 609 514 916 26 901 17 360 330 357 333 975 817 433 540 736 708 131 408 136 221 107 752 695 129 473 604 779 783 741 680 773 870 946 438 515 674 429 445 941 9 721 866 632 130 601 682 983 174 603 777 520 793 291 129 91 933 336 662 195 126 692 133 718 43 699 477 742
672 122 598 849 262 513 4 411 615 917 145 271 821 705 952 857 226 280 787 927 122 191 735 485 642 664 213 351 43 666 924 31 313 25 515 472 566 318 371 16 588 374 938 756 710 458 34 782 623 765 794 271 76 766 832 519 309 561 612 396 631 639 797 471 363 151 869 718 101 518 347 723 573 503 952 69 182 898 87 836 305 138 245 826 322 622 365 316 307 331 752 248 370 251 714 678 342 351 783 642
103 846 792 81 484 575 551 844 932 350 337 928 55 247 866 384 539 445 172 298 484 257 658 830 90 715 664 733 415 691 883 578 883 50 462 1 665 801 335 150 229 940 66 166 790 605 151 720 483 368 151 95 331 85 948 258 535 574 885 212 947 243 275 248 90 571 514 352 67 964 65 736 821 786 51 322 840 509 200 927 327 16 222 371 498 539 231 189 929 564 564 138 723 487 140 718 206 786 25 182
162 35 43 980 8 658 291 983 299 712 11 656 289 484 54 285 282 847 343 451 468 964 36 649 599 726 54 989 41 587 110 270 797 877 478 272 130 257 371 129 692 141 609 147 966 85 297 493 732 282 322 359 666 186 404 450 207 752 99 486 154 520 677 681 113 649 40 631 971 304 9 744 169 990 421 368 105 474 209 68 647 211 644 87 825 697 929 889 297 283 911 476 135 132 244 120 638 609 252 357
864 513 583 629 411 610 259 93 148 186 437 310 646 52 72 287 709 567 729 958 860 689 40 995 582 964 562 403 68 535 950 633 966 748 887 53 899 326 288 612 269 58 709 384 226 766 36 354 831 152 536 163 814 751 639 486 710 992 188 816 247 256 891 952 681 392 763 312 93 722 831 343 43 296 237 530 601 224 222 407 122 533 524 623 522 8 290 698 786 528 174 716 452 68 788 412 348 197 971 17
896 737 786 23 186 424 216 305 970 500 602 587 624 742 934 224 58 532 73 266 332 947 291 776 502 37 215 773 779 309 66 637 20 963 219 949 564 511 321 990 99 285 22 381 46 156 502 183 507 882 849 943 129 552 567 59 972 122 455 853 901 271 251 781 278 443 572 549 314 792 314 875 430 993 661 961 264 190 889 280 448 222 75 331 512 972 553 254 657 398 497 673 230 691 376 458 140 148 707 632
323 203 653 127 864 176 377 958 788 381 900 665 296 511 665 566 401 420 602 247 836 847 422 622 161 2 24 852 230 473 356 670 940 845 648 967 326 323 585 523 332 343 577 510 484 440 481 789 781 237 954 696 160 448 11 128 576 789 323 160 386 809 950 622 151 635 679 915 268 85 82 443 22 98 441 281 497 669 607 978 932 82 67 154 289 579 728 464 893 276 341 871 892 320 155 506 541 908 31 916
446 697 910 954 134 840 124 113 555 290 389 59 601 171 9 145 203 993 989 734 357 787 374 457 140 457 404 305 29 259 544 654 107 454 927 866 691 986 815 633 63 86 915 791 128 957 868 93 945 972 420 789 168 614 741 687 179 948 363 189 331 864 818 100 154 590 684 22 654 673 699 418 687 345 806 539 475 741 417 433 806 728 492 442 61 114 954 509 346 189 647 912 572 505 89 800 124 311 585 622
792 999 649 598 394 610 778 358 251 912 536 723 524 311 41 885 159 950 184 754 117 341 408 402 58 666 134 170 562 433 445 116 319 25 383 17 20 526 501 88 434 394 834 504 969 886 182 310 51 51 425 340 109 183 578 307 316 102 522 65 171 834 187 614 919 267 41 64 603 602 323 230 714 791 23 0 882 685 448 774 997 821 56 851 999 969 842 374 996 566 468 237 184 109 353 372 609 838 843 735
203 948 388 430 124 792 107 562 496 945 711 285 591 64 240 636 127 605 265 926 379 3 917 397 294 223 582 404 471 311 986 95 546 447 161 592 636 458 49 911 83 344 174 380 318 945 684 665 74 273 838 434 515 323 87 896 33 666 357 762 184 88 41 350 848 217 565 96 563 621 363 27 570 248 642 773 978 201 592 423 740 759 682 692 327 62 630 51 380 740 793 93 549 885 759 217 373 362 931 659
709 661 498 508 451 122 439 578 150 969 92 995 213 22 917 990 431 297 80 528 967 49 585 110 899 159 682 768 205 165 610 457 294 15 271 216 707 447 309 303 487 461 703 526 553 648 778 420 856 930 900 872 202 867 590 712 225 865 572 437 995 373 476 616 210 901 470 785 896 531 438 861 216 92 59 217 820 730 809 288 146 515 716 774 533 847 41 700 770 729 4 214 713 702 464 39 951 626 137 230
710 213 743 710 971 430 821 686 336 317 927 227 783 70 696 256 836 175 694 747 608 514 240 886 603 770 762 369 985 847 553 730 216 967 504 736 380 5 999 144 439 361 807 931 426 478 293 437 567 624 557 112 925 149 38 859 909 658 348 835 789 679 782 300 403 172 726 742 505 932 709 683 709 619 261 519 742 450 757 644 147 209 85 128 217 989 873 274 943 648 262 844 196 304 631 664 842 237 225 126
984 56 162 231 724 248 651 490 351 163 328 797 365 856 956 291 791 704 670 256 871 458 945 277 555 344 939 179 667 637 231 88 717 510 163 819 240 112 153 980 178 747 271 310 852 686 594 479 655 400 636 526 47 137 563 338 443 295 325 191 536 755 862 706 484 269 177 140 349 751 937 469 577 265 593 834 134 872 227 278 364 557 25 494 350 524 138 609 934 502 96 733 690 727 615 558 851 115 948 623
354 298 916 706 831 81 742 911 131 634 359 323 593 604 428 308 395 55 20 968 594 287 21 33 554 590 115 443 340 157 133 663 476 280 569 583 429 291 159 989 368 179 341 977 962 805 764 571 907 10 18 318 386 550 647 918 639 688 835 730 81 496 576 473 854 849 728 853 794 483 108 477 43 159 87 932 762 152 744 331 731 595 860 87 782 305 473 377 449 47 459 768 599 443 139 308 873 699 239 882
5 301 307 776 899 606 102 858 288 137 732 683 101 374 48 464 101 713 392 83 900 33 494 180 915 551 444 660 794 103 177 530 71 535 880 952 538 519 511 685 145 474 788 976 959 522 144 489 780 84 373 137 116 620 851 156 74 346 510 901 652 893 697 511 119 827 332 964 148 499 649 624 896 665 843 494 936 524 15 154 229 607 85 682 179 286 199 113 692 435 637 797 286 501 877 800 42 190 952 71
559 521 972 128 716 718 34 213 387 69 581 417 444 33 631 901 781 781 441 308 647 126 7 788 868 36 138 55 716 446 44 613 200 38 705 818 349 455 777 687 858 239 545 823 64 934 768 63 986 661 502 417 902 284 255 142 821 203 568 255 365 650 430 137 882 961 880 102 343 95 907 532 450 513 387 689 880 620 745 976 348 195 104 929 885 769 743 845 966 232 803 486 454 823 309 309 96 362 769 266
234 600 208 402 275 428 111 874 178 794 785 789 224 437 498 285 172 742 551 291 909 231 179 140 126 945 990 832 488 11 754 427 531 556 275 776 337 737 839 62 396 473 550 858 862 657 290 834 484 462 79 319 738 223 230 821 39 933 454 135 646 776 717 244 419 972 654 240 839 649 868 827 0 517 373 83 960 684 41 416 292 218 914 538 468 111 784 174 743 388 695 282 990 51 912 67 977 323 666 363
217 742 809 914 588 781 743 247 564 187 880 852 216 809 420 818 457 637 522 149 281 285 370 646 529 349 587 785 54 480 721 32 562 612 309 952 962 956 905 147 111 799 299 322 845 294 311 769 446 193 367 313 7 501 723 241 814 546 195 133 941 725 207 250 393 92 645 567 436 842 483 576 566 697 231 95 878 277 955 859 745 286 11 101 5 256 539 795 299 587 100 759 525 563 104 513 0 332 639 549
836 830 340 517 830 971 583 772 144 403 46 722 92 652 474 806 663 119 239 70 549 461 459 17 714 668 769 570 673 560 350 964 297 218 90 76 10 993 661 320 781 949 282 288 893 310 574 135 208 994 887 402 68 935 150 871 377 204 181 751 882 830 500 99 888 1 293 981 62 423 744 915 380 702 868 387 623 799 157 72 798 890 615 402 26 762 732 760 695 51 749 783 893 576 751 719 784 160 408 462
15 53 492 213 997 411 982 934 187 557 468 476 495 662 891 542 439 169 709 268 303 199 989 389 455 195 139 45 437 140 498 505 179 166 30 831 862 437 777 3 476 79 640 310 995 30 727 440 205 51 15 492 551 463 745 962 359 170 791 631 842 693 623 348 867 672 860 160 174 499 713 604 747 51 818 704 634 573 115 93 526 129 460 964 654 11 507 332 710 704 186 660 803 592 806 634 569 539 27 776
105 329 243 12 617 761 128 745 315 19 40 153 605 496 586 681 98 532 639 751 536 989 758 64 962 68 277 766 663 591 758 343 791 891 806 326 861 552 919 633 40 709 123 752 809 198 830 56 481 521 778 968 617 361 262 760 576 617 942 973 197 657 233 530 235 950 895 803 187 873 979 711 757 288 1 449 564 586 995 926 39 241 234 133 451 954 139 515 355 953 438 581 846 166 212 471 370 537 298 50
712 840 685 341 819 53 97 734 877 900 290 687 568 56 302 888 430 35 7 563 46 536 359 938 609 807 335 88 958 437 267 670 483 529 649 373 833 251 422 598 880 602 117 961 71 842 651 101 538 660 598 772 30 847 422 557 952 529 554 511 769 430 971 645 472 374 284 834 328 251 722 260 851 840 570 812 905 894 904 746 738 31 428 79 498 883 729 844 481 156 424 651 632 677 379 988 150 754 109 673
263 604 28 534 190 140 474 134 347 743 265 219 688 628 689 398 450 934 975 311 705 177 233 965 934 323 410 854 370 83 536 650 323 407 1 702 566 244 606 656 81 342 2 138 341 995 996 583 360 133 742 372 104 217 879 221 394 798 898 36 552 666 791 855 843 986 352 705 781 805 758 452 614 134 82 327 439 887 923 900 197 22 45 404 576 106 390 329 619 927 561 84 478 847 412 384 372 120 293 565
65 174 457 690 20 14 44 233 432 935 430 717 435 220 689 317 542 405 869 15 913 441 221 877 465 996 253 943 650 355 589 903 896 139 336 918 222 701 976 455 903 57 576 590 328 837 931 905 776 961 133 296 521 364 942 687 755 112 540 547 878 689 184 52 898 657 72 2 577 326 564 144 568 858 766 129 514 880 467 63 171 769 508 63 900 286 818 881 885 82 751 53 786 686 212 432 128 950 804 803
505 579 755 248 941 170 769 20 504 261 43 179 131 414 221 703 402 666 906 21 591 378 754 987 771 924 676 171 859 596 647 262 13 318 489 90 466 204 25 868 846 167 573 451 866 605 44 451 172 679 623 43 624 830 784 176 747 194 831 298 720 504 825 127 830 79 193 313 668 870 534 435 652 785 222 322 425 404 886 353 335 451 796 184 369 478 123 5 11 940 396 948 639 964 344 859 760 779 532 617
931 645 213 394 426 260 145 426 411 250 445 593 7 252 883 823 274 633 770 616 525 760 640 806 681 901 512 534 586 50 393 60 714 925 263 387 842 594 50 314 780 145 807 148 422 694 145 252 597 726 377 466 411 203 80 807 164 449 637 607 275 903 632 735 804 824 337 544 538 27 112 608 799 189 364 422 466 885 299 493 847 47 346 112 864 384 549 14 946 551 198 84 997 303 454 688 723 982 966 518
72 152 1 597 90 929 725 732 759 376 533 678 582 77 379 317 6 801 675 625 590 151 964 750 137 653 307 963 762 622 385 383 147 414 446 229 715 20 666 955 583 6 258 348 973 611 63 871 851 864 482 937 516 636 846 920 25 770 413 872 82 699 833 557 709 112 642 324 727 461 925 895 966 689 666 608 362 175 23 939 415 10 55 941 736 693 441 764 278 916 412 15 593 62 873 789 1 340 430 438
482 304 876 627 437 469 68 930 532 970 386 173 558 922 427 964 507 654 699 721 924 787 134 745 831 980 514 985 303 781 441 361 296 472 554 374 612 858 429 49 846 485 187 856 747 853 548 574 109 489 316 769 266 27 308 685 899 547 468 638 288 384 442 964 945 883 236 527 919 638 86 3 474 316 264 659 981 760 478 858 549 39 684 68 125 520 611 975 576 484 48 631 551 76 145 385 647 891 330 958
116 336 886 221 52 605 605 928 222 911 407 776 9 788 955 771 290 388 647 944 341 129 582 745 907 777 249 956 263 564 435 678 789 273 912 502 838 801 885 503 160 91 563 465 712 675 793 598 390 139 983 503 575 263 454 384 495 990 12 472 533 668 174 464 191 222 597 515 150 133 671 825 172 201 8 631 829 719 764 689 243 36 774 72 39 384 680 200 183 401 831 303 236 857 459 442 891 918 800 969
195 281 993 720 987 410 298 340 108 574 385 243 994 941 875 103 200 472 356 912 357 338 316 285 577 958 568 116 244 844 263 284 411 364 804 161 586 737 139 394 750 826 43 863 540 804 630 322 761 962 851 880 550 58 185 730 493 1 653 132 424 509 320 261 471 344 252 981 74 984 977 516 424 846 502 934 529 396 586 734 297 203 774 848 69 713 68 154 664 155 260 569 787 94 11 339 508 786 557 911
770 257 959 39 384 518 368 121 4 561 455 681 906 200 217 583 61 234 743 410 232 638 48 514 22 766 369 1 643 28 138 738 383 817 710 89 402 778 626 593 42 653 178 44 184 799 368 18 761 460 832 164 970 536 760 448 122 481 467 438 629 648 551 71 689 386 621 109 516 847 776 699 189 435 900 851 426 300 998 998 597 594 870 192 718 805 168 383 712 622 171 571 534 681 535 360 431 71 134 872
68 212 92 714 182 402 900 394 14 809 536 46 392 328 556 969 387 683 985 317 417 999 760 961 664 643 863 142 425 135 869 864 206 249 650 395 907 550 133 568 180 564 266 871 383 734 987 710 495 593 911 162 811 401 838 605 332 91 224 386 631 102 707 348 885 169 972 897 336 85 732 244 544 456 850 674 414 330 334 200 316 279 71 266 450 589 164 442 205 436 466 183 716 426 933 110 898 7 41 996
273 942 933 434 597 225 802 367 759 761 505 505 793 553 557 551 803 878 571 26 139 696 656 514 552 464 671 109 558 708 907 478 759 25 598 771 989 936 905 596 635 317 833 685 98 58 618 199 733 283 547 928 865 970 804 800 812 185 762 943 227 101 708 423 604 75 149 724 333 408 992 172 341 432 264 996 831 100 709 143 873 598 286 325 221 241 254 186 385 940 402 728 423 467 98 633 983 680 876 775
461 47 59 73 62 556 698 95 441 763 36 506 264 989 771 645 360 4 576 178 518 933 788 711 635 817 438 465 349 521 399 827 829 142 575 870 533 584 358 811 654 186 993 290 761 584 478 983 983 35 29 704 809 735 879 184 202 97 266 877 941 845 608 132 293 51 740 974 804 400 300 199 587 273 204 611 694 921 93 89 747 686 533 451 884 862 945 723 801 975 758 396 786 937 641 202 676 92 112 692
109 1 419 744 562 91 538 159 317 417 752 352 789 322 231 889 580 812 324 334 281 711 83 441 760 6 379 868 97 595 333 883 894 156 843 306 597 915 425 357 528 114 474 489 267 370 504 315 481 393 766 330 678 834 415 598 668 813 459 37 872 834 14 46 21 849 606 337 750 938 983 188 740 361 339 648 577 784 792 894 615 229 510 555 809 461 938 120 682 477 761 853 589 454 310 78 577 447 323 293
616 290 109 108 705 546 19 830 490 73 36 467 44 641 772 95 676 730 301 14 886 388 623 16 270 316 470 233 198 175 187 210 253 44 83 962 103 87 979 206 574 612 857 997 752 120 217 555 688 231 640 205 790 349 986 831 256 451 648 114 310 63 996 626 84 98 284 753 287 706 529 898 289 106 234 360 456 591 749 908 602 745 596 129 600 794 9 34 711 731 751 770 621 230 41 193 885 492 418 12
148 482 849 828 124 316 856 427 805 6 643 267 32 686 972 53 368 462 571 102 216 652 424 427 766 234 164 214 637 369 146 261 265 996 916 849 319 487 678 145 683 871 724 386 310 154 163 976 304 200 998 603 724 434 807 484 646 678 961 457 638 600 988 486 114 686 927 469 146 539 457 150 449 660 884 364 167 618 674 325 587 817 65 837 368 988 716 574 341 358 991 222 470 783 282 32 226 234 388 709
81 14 56 318 23 573 951 883 579 768 535 160 4 523 52 184 370 696 925 469 287 374 83 711 769 457 368 339 555 879 992 560 890 285 157 692 29 31 333 61 996 827 50 314 637 73 266 678 769 39 705 248 980 286 688 931 202 0 110 842 916 550 183 75 576 873 675 940 423 218 69 26 635 197 988 487 361 24 646 408 937 805 395 930 757 686 747 158 615 231 38 537 122 949 755 255 57 262 590 785
800 437 322 697 338 354 646 273 302 257 980 985 67 472 321 190 162 156 184 167 943 210 212 785 938 907 886 728 592 969 51 195 404 674 908 723 574 988 406 155 654 651 962 714 699 807 846 692 634 25 455 694 8 188 13 901 542 832 469 130 10 840 301 517 754 936 473 311 31 60 137 596 792 549 583 508 540 529 240 241 440 437 513 510 701 127 406 827 914 7 988 844 676 537 856 101 209 838 20 466
463 22 886 342 715 253 73 274 167 108 945 494 401 128 920 190 121 196 89 456 465 313 606 622 502 374 161 246 363 748 373 916 658 237 594 40 456 41 825 911 198 147 123 830 313 733 663 305 566 710 508 335 607 260 209 794 152 178 835 22 565 840 360 48 770 289 730 28 887 115 225 212 136 383 530 8 291 769 776 955 969 644 177 895 789 452 979 888 638 103 916 189 826 585 598 73 917 273 343 903
395 866 985 855 141 6 767 715 424 529 965 73 921 434 266 163 639 61 193 559 600 439 459 278 352 480 96 704 210 657 271 938 909 398 146 658 581 825 271 109 647 472 317 729 224 809 667 26 830 422 474 768 469 688 382 733 595 177 119 92 582 406 661 49 227 51 28 206 231 154 922 321 979 141 521 791 503 274 77 288 722 505 387 477 457 596 41 116 357 424 470 80 633 102 426 442 183 905 84 923
187 898 417 218 998 175 916 270 240 725 779 938 203 737 213 182 502 932 308 235 27 509 579 579 550 751 548 932 878 715 312 787 995 964 887 315 228 638 576 454 557 753 6 167 589 894 841 931 320 579 879 571 265 22 709 431 116 309 866 550 6 170 713 768 954 602 86 302 513 454 92 285 86 53 78 769 1 659 990 773 993 982 46 910 27 36 192 968 356 26 862 768 782 502 219 109 290 28 723 814
925 568 735 53 946 872 157 561 912 858 195 684 760 399 24 690 183 806 227 198 219 100 865 309 495 544 879 386 475 381 957 478 789 260 260 33 340 429 36 417 180 610 915 581 460 887 361 733 497 230 479 492 816 82 381 14 411 948 812 195 430 411 192 258 685 105 636 394 278 391 833 195 452 972 669 760 198 249 149 881 369 740 769 146 935 692 449 275 296 233 814 649 694 219 381 123 314 14 550 612
159 623 530 230 160 33 4 649 765 442 490 294 207 267 122 591 340 681 789 144 357 100 150 205 923 886 605 788 331 408 814 76 216 625 31 786 287 761 216 633 457 368 538 928 885 89 386 276 315 537 247 30 816 762 444 370 41 365 358 805 538 564 151 233 522 983 823 965 798 121 893 545 804 428 75 515 679 94 481 558 281 506 629 354 647 511 136 802 74 635 744 413 835 343 9 768 650 315 135 32
15 855 463 136 30 923 229 901 497 7 452 221 572 428 599 357 83 334 439 519 601 786 622 817 543 582 667 678 460 168 447 578 865 14 181 544 196 284 202 282 282 387 727 886 335 618 265 717 989 355 371 4 304 344 290 11 431 718 130 301 914 436 708 25 91 426 112 777 543 550 302 777 61 406 343 936 91 795 552 918 36 278 144 667 337 6 702 391 709 968 889 48 434 603 212 327 527 15 902 446
289 542 267 567 496 213 257 141 969 952 493 905 881 238 857 251 187 734 254 161 514 313 164 698 677 701 5 184 753 352 980 8 255 656 723 607 634 593 654 992 666 499 704 290 279 300 787 899 913 849 198 256 249 723 164 604 586 656 877 971 557 497 853 762 345 79 200 236 87 656 400 359 310 664 492 476 649 880 81 408 880 290 589 786 854 716 776 504 870 354 121 15 427 523 314 913 860 930 404 729
104 366 369 126 544 249 92 987 540 501 277 955 847 774 108 944 133 317 507 796 65 712 156 474 781 34 146 434 87 92 631 678 457 483 495 588 352 177 827 954 210 764 974 318 612 55 258 146 915 468 88 164 977 296 58 443 441 685 640 741 611 943 170 122 845 6 107 226 374 106 885 769 518 2 686 663 596 246 710 380 528 812 514 249 133 556 359 979 720 720 147 307 428 855 609 317 647 870 237 248
609 609 369 978 190 381 326 572 446 275 537 576 26 39 359 774 528 379 734 540 179 343 991 534 542 71 275 609 906 254 434 232 869 876 630 902 474 917 676 547 188 277 756 418 935 674 825 697 501 444 8 94 254 635 808 190 999 102 559 136 981 970 579 426 582 196 612 979 76 550 904 136 696 200 578 991 556 118 157 870 876 338 20 873 431 474 193 921 990 891 159 805 345 866 749 153 759 891 951 724
397 324 435 703 511 132 267 424 222 221 427 426 563 426 578 650 834 417 79 954 207 442 62 785 253 853 640 522 582 130 720 989 938 133 468 947 876 347 811 262 508 647 939 158 9 738 331 550 406 777 744 539 137 743 630 251 868 673 843 989 74 716 313 682 249 844 652 316 270 362 518 701 314 138 25 855 473 129 255 436 735 378 158 432 965 507 879 384 168 342 916 99 32 814 288 871 739 94 212 389
123 314 944 299 794 758 628 631 55 406 233 604 542 508 592 925 589 796 903 292 102 110 289 710 873 614 129 300 226 395 455 873 548 228 353 928 714 619 728 460 237 833 135 889 401 970 906 339 925 768 489 43 864 169 212 3 518 636 498 639 446 875 101 447 635 863 372 949 55 193 520 485 378 328 580 893 391 766 204 205 753 77 99 46 189 550 672 405 241 662 419 884 80 188 26 735 717 657 631 169
826 847 900 1 549 512 791 482 538 573 53 443 560 281 763 839 523 479 111 306 623 788 878 542 184 429 506 11 205 193 136 709 912 538 177 293 869 440 114 336 433 364 543 543 73 702 736 768 763 872 141 585 239 387 239 812 148 109 663 653 434 791 79 152 214 701 812 741 453 816 619 549 592 442 148 591 224 249 585 626 774 211 390 505 690 32 761 579 195 740 315 693 689 190 311 678 844 509 580 479
80 483 999 388 110 795 362 901 225 263 578 588 410 435 324 514 754 595 570 587 547 975 765 396 969 370 810 271 653 680 284 502 960 371 726 704 673 777 961 769 899 409 484 394 323 842 194 511 936 500 784 578 162 741 582 880 423 456 369 391 282 894 950 423 460 636 901 29 691 593 355 696 269 784 28 416 324 12 904 93 503 456 564 717 502 208 158 458 399 806 332 708 31 558 117 474 587 352 514 419
325 655 696 417 204 389 779 241 778 751 661 974 411 517 611 285 317 384 251 115 452 343 694 588 197 440 801 920 47 244 970 360 782 668 146 253 45 887 770 930 590 920 261 353 823 53 775 325 159 1 274 764 654 73 203 319 797 317 125 484 926 262 851 135 17 642 873 683 492 800 917 720 4 581 386 288 541 105 482 231 922 620 577 103 938 512 642 847 762 54 803 829 616 281 419 885 9 807 323 220
725 566 819 550 212 932 846 497 264 101 755 283 558 567 267 773 110 29 206 267 798 90 186 445 528 346 569 190 154 455 289 368 297 598 664 531 903 686 901 661 315 544 92 227 221 540 458 837 88 263 714 321 170 193 550 442 475 451 151 158 453 516 880 700 236 928 646 281 386 870 982 251 700 653 384 878 950 391 786 620 876 594 359 544 419 336 619 904 131 714 643 114 281 592 291 539 627 767 114 123
108 882 945 261 647 743 908 635 26 51 397 812 373 176 53 500 749 49 22 658 289 406 517 934 656 645 917 683 478 266 710 912 319 128 131 106 975 699 605 129 573 625 849 336 374 156 342 208 173 844 852 978 336 444 411 621 532 480 141 189 420 176 322 403 940 363 288 456 471 82 604 990 580 843 527 261 929 607 184 29 809 63 822 377 397 243 482 249 161 143 727 222 332 847 40 949 606 735 826 909
303 0 139 43 462 98 158 840 316 75 854 267 715 596 499 683 276 919 20 869 439 252 196 809 671 942 313 548 954 599 265 473 534 207 591 621 733 845 500 672 670 690 604 916 774 546 681 695 825 985 104 697 54 837 323 543 402 309 187 795 65 752 861 43 984 869 337 901 99 457 933 512 370 359 303 588 883 208 251 529 711 223 479 756 977 245 482 568 181 466 725 165 512 820 499 786 359 543 162 263
313 724 277 466 312 822 959 524 786 878 531 118 965 51 489 142 875 997 89 918 288 641 393 664 274 765 786 184 427 318 638 897 855 210 386 530 898 793 863 906 974 181 149 197 241 280 499 628 332 407 192 578 230 944 803 866 230 676 258 368 767 856 152 916 292 157 136 530 64 652 549 0 918 516 684 989 741 519 250 548 940 678 759 234 489 912 106 899 681 259 81 375 183 418 212 22 162 344 93 866
100 100
181 707 221 772 242 536 554 837 715 228 446 258 527 874 500 258 736 271 476 179 31 65 946 106 759 42 618 583 145 171 365 156 663 550 630 586 389 700 960 559 472 981 920 979 141 752 422 458 294 223 956 127 19 759 225 687 278 748 518 716 324 328 772 453 707 951 327 690 622 232 77 84 330 584 806 80 830 938 218 380 651 141 947 738 713 65 400 84 742 750 955 196 890 613 872 757 22 309 986 955
944 253 574 485 279 391 230 530 17 343 401 574 610 9 377 18 238 233 652 779 291 385 252 286 220 985 388 640 951 766 277 7 764 444 250 724 333 871 169 552 835 219 578 34 342 235 52 511 358 818 863 992 72 686 40 418 955 595 340 672 903 815 475 122 153 718 594 894 857 749 90 818 829 335 931 118 621 61 53 647 856 872 232 569 704 332 954 566 835 925 75 525 428 621 656 611 510 274 429 541
216 149 727 992 653 579 161 210 806 238 398 17 471 340 979 481 959 104 347 628 831 805 510 634 670 275 255 206 798 546 511 202 457 892 372 150 846 239 391 521 42 772 789 638 736 803 780 87 559 658 167 335 485 406 934 634 811 938 119 394 894 727 139 715 94 243 784 295 456 774 553 642 339 30 16 896 442 290 378 456 111 951 812 783 353 785 963 223 628 827 103 160 393 31 506 685 730 913 317 682
657 821 460 203 236 708 838 392 301 333 356 870 540 42 638 110 790 349 632 793 729 54 449 942 693 391 586 143 277 760 661 254 16 994 612 818 463 218 710 740 770 296 268 166 340 24 850 342 559 27 744 148 907 930 757 170 323 236 424 635 660 265 510 513 126 311 781 909 984 946 726 147 103 833 82 889 337 917 412 271 276 705 72 345 779 639 24 548 246 205 642 610 315 395 892 341 637 197 684 758
435 224 980 573 969 933 551 24 234 778 799 474 128 635 96 630 306 50 167 336 493 620 629 801 192 749 262 229 692 538 87 751 999 133 299 900 20 207 975 868 769 725 255 352 128 965 766 87 914 769 234 294 561 513 32 477 862 915 195 373 291 39 162 781 168 546 304 849 338 494 556 534 379 748 972 265 462 407 627 322 529 535 273 459 948 834 766 404 332 425 506 827 617 588 17 801 676 974 440 55
494 946 928 377 617 168 81 167 903 345 333 775 705 132 546 4 871 551 936 274 170 45 736 609 473 240 886 887 49 410 191 614 769 92 60 949 277 844 959 575 294 218 47 681 507 778 240 46 11 850 392 638 675 632 510 41 658 458 626 992 928 474 34 847 906 782 36 849 179 427 389 491 347 86 888 269 514 694 585 466 649 999 865 572 460 609 825 603 729 925 719 853 991 175 107 254 367 551 285 627
263 803 363 886 828 447 555 916 454 738 119 607 713 403 814 523 768 756 229 107 535 600 322 978 845 863 423 31 142 804 8 647 145 366 776 690 214 601 332 816 634 376 968 678 146 313 855 876 91 192 305 121 570 499 20 962 567 511 677 60 749 528 331 954 298 289 379 342 176 541 224 414 734 876 199 492 649 596 482 425 529 612 69 638 27 789 318 887 55 420 811 165 474 804 472 183 471 958 320 900
126 18 220 296 288 134 258 426 634 768 446 418 926 79 908 993 888 627 972 400 190 123 748 821 512 795 840 851 648 281 714 883 713 613 632 829 252 906 551 144 180 644 6 472 661 188 297 963 891 544 185 709 177 661 977 12 955 836 280 863 341 292 322 225 610 800 386 235 731 666 990 850 8 450 504 321 954 55 886 936 776 532 134 674 252 275 436 252 92 542 481 742 423 226 930 562 679 389 527 892
114 579 279 370 730 879 689 424 656 533 109 59 426 7 213 623 849 842 471 52 235 254 347 233 803 780 687 791 849 272 152 204 416 894 344 472 33 353 381 586 30 573 484 578 318 643 601 298 563 79 485 529 763 366 247 178 75 863 377 900 956 816 832 877 555 877 347 807 655 45 223 156 493 920 684 309 521 135 584 892 735 618 236 780 433 639 189 381 375 188 171 97 814 521 451 710 817 812 659 907
957 943 78 859 335 174 854 565 889 420 698 169 89 438 521 834 349 437 708 306 241 784 766 380 21 696 140 484 598 958 675 27 328 961 658 914 996 589 992 928 814 74 465 591 658 165 448 854 905 828 899 577 891 735 403 398 158 905 39 161 908 649 530 798 168 101 449 141 480 911 382 792 286 811 802 893 240 421 124 99 54 97 37 550 129 321 91 204 326 209 550 487 22 627 456 617 720 123 335 733
120 549 423 585 756 535 419 656 866 848 122 984 811 3 388 692 38 202 60 703 805 433 151 363 228 225 990 268 915 243 394 19 423 563 140 579 718 434 220 638 23 537 673 853 599 25 295 715 292 105 609 261 163 553 543 623 224 249 561 828 412 25 546 310 72 710 323 601 411 684 152 312 659 506 711 764 139 273 813 39 804 919 410 236 520 564 659 118 167 906 223 876 353 701 225 621 940 51 72 585
811 587 95 85 924 771 391 9 395 902 20 651 621 78 443 249 199 558 457 596 967 374 452 920 988 191 852 500 707 285 612 834 713 462 533 707 80 626 806 330 615 954 39 193 467 801 364 39 623 739 269 794 679 807 245 958 349 609 328 983 86 154 969 693 473 636 853 850 562 270 374 654 333 984 382 89 18 263 855 212 900 743 792 541 124 113 380 795 467 286 373 387 26 661 262 276 544 27 140 151
961 17 484 897 760 526 307 626 932 730 60 173 432 479 66 1 839 342 247 758 81 43 305 32 828 308 24 287 820 696 405 165 754 431 102 878 296 76 898 353 292 422 883 803 217 411 631 921 64 850 152 102 388 506 944 410 728 490 374 193 699 839 818 432 47 478 205 625 637 301 608 199 981 44 689 186 393 11 678 933 310 894 670 283 382 194 691 215 822 811 303 383 142 45 229 176 553 858 435 726
728 787 623 832 756 425 695 844 783 748 754 805 443 847 450 406 679 983 153 118 398 937 742 972 922 542 844 557 488 153 471 925 690 506 537 294 502 120 403 241 811 690 64 974 338 22 959 231 642 346 186 689 224 21 484 595 890 995 39 949 538 107 261 258 314 538 651 289 249 44 80 426 932 509 511 416 227 539 46 621 964 586 182 515 981 140 455 864 673 76 297 783 267 695 55 817 56 601 89 74
754 546 391 586 795 5 19 993 756 35 146 244 204 87 465 608 625 135 412 438 131 668 951 796 978 236 332 958 36 649 508 487 593 986 845 319 496 439 367 776 592 411 640 291 410 297 386 178 861 778 538 296 403 382 355 243 892 945 970 668 877 211 976 159 52 780 402 27 612 27 400 89 405 783 122 893 656 996 248 391 421 305 450 65 409 646 401 322 948 231 232 382 473 270 404 503 925 44 672 967
97 815 15 539 190 892 798 53 711 405 240 358 357 277 757 690 101 434 361 889 622 993 517 785 213 285 848 492 731 615 910 634 350 776 85 633 609 475 927 466 359 672 911 263 101 679 314 979 700 890 513 623 126 54 662 984 953 594 560 73 427 360 463 764 476 226 240 773 469 534 122 325 577 158 434 666 865 155 966 322 211 749 616 348 217 163 378 917 249 401 699 608 673 223 487 119 959 893 378 361
84 9 708 258 471 153 521 197 804 388 995 0 787 510 573 143 100 536 907 832 398 820 768 503 646 541 744 786 230 697 465 492 404 392 681 553 656 877 698 446 989 501 13 20 934 150 101 116 553 128 399 481 620 29 792 911 632 675 712 572 741 148 44 951 349 143 352 18 139 9 325 764 849 538 473 918 877 355 945 926 571 225 414 599 586 59 267 918 961 911 715 778 847 995 258 747 673 444 577 992
347 266 529 799 966 305 419 68 561 618 566 839 320 466 110 671 438 384 916 55 665 438 979 524 957 178 152 969 489 146 989 421 446 918 725 84 718 760 423 283 671 725 195 288 166 616 184 809 175 908 764 779 287 400 701 438 408 397 30 344 786 983 888 430 870 213 240 714 834 431 984 767 157 693 23 93 831 496 124 822 708 283 870 745 496 829 865 359 863 530 419 176 106 840 85 160 844 901 60 405
161 920 376 215 629 104 476 663 973 937 953 905 78 772 111 874 705 962 514 319 988 385 547 965 385 899 288 566 990 143 976 960 312 46 390 124 159 408 117 204 945 867 196 82 83 361 637 815 185 705 864 119 312 21 658 734 984 97 796 726 116 337 500 340 184 315 407 922 195 627 401 370 521 256 973 968 996 758 405 161 336 299 665 783 458 52 616 247 271 143 686 802 173 916 939 999 473 539 770 913
128 149 424 880 803 231 124 632 912 135 553 801 94 108 234 588 676 2 168 907 164 244 500 226 295 830 97 836 40 62 497 96 226 290 792 855 458 998 53 186 663 676 907 299 194 878 159 149 253 981 735 404 129 707 108 931 695 302 556 218 453 518 285 95 851 218 92 57 220 854 39 3 28 29 319 405 486 509 203 513 487 193 984 635 808 637 234 687 682 750 863 795 333 421 109 393 112 201 75 319
819 522 942 347 120 680 643 69 751 832 346 210 883 400 528 677 445 329 91 675 269 447 750 391 764 63 500 767 542 375 45 234 449 198 343 403 337 768 162 361 512 292 300 845 416 491 432 590 990 202 93 122 233 38 638 928 967 689 221 688 278 918 411 272 716 813 87 786 822 56 617 503 597 192 168 704 53 698 175 1 411 793 657 904 363 403 706 213 433 89 103 704 4 261 965 375 184 512 909 924
388 287 301 519 979 817 744 755 12 45 912 998 299 74 732 47 607 248 167 86 919 256 736 40 556 780 180 999 37 117 87 53 160 421 987 351 150 801 219 964 332 297 195 813 415 226 611 237 345 105 147 258 920 548 396 255 618 863 410 619 508 270 800 3 642 274 440 2 239 537 318 977 869 755 223 403 675 517 191 775 673 186 841 160 230 795 963 121 135 540 439 325 79 41 3 285 432 348 870 400
34 935 502 735 583 717 523 677 668 657 282 147 583 955 266 54 353 119 405 773 431 262 44 346 473 424 781 73 688 985 475 216 29 300 502 444 364 125 425 335 454 662 457 944 5 29 905 989 612 154 498 849 437 86 795 639 106 403 211 385 596 965 144 770 151 504 566 17 352 751 195 694 454 852 604 65 330 862 442 207 962 321 989 683 271 593 41 785 450 611 526 277 976 43 218 214 764 855 623 791
355 829 60 639 634 671 865 215 721 630 223 236 895 487 635 963 49 714 759 165 486 503 459 765 151 683 846 600 623 831 959 693 864 884 830 146 27 238 909 650 972 152 907 936 402 974 511 552 741 975 394 713 74 689 858 975 492 621 600 396 267 848 296 686 599 921 654 960 101 503 78 511 8 271 725 823 714 297 839 708 308 672 200 40 891 518 31 352 37 471 996 333 413 451 698 563 379 772 135 857
783 247 571 20 327 212 693 760 465 344 672 660 963 487 70 915 997 310 109 104 43 311 756 786 957 916 710 521 212 643 546 995 454 721 903 345 762 281 987 110 218 792 750 870 288 102 166 217 467 238 417 201 227 316 401 319 726 209 991 271 332 112 129 56 945 901 516 523 136 771 33 289 723 819 423 95 476 852 1 996 420 180 250 769 961 514 76 334 399 215 813 296 38 471 820 487 731 472 53 433
218 901 649 210 610 716 88 825 394 543 769 881 12 198 237 365 33 865 966 716 208 911 498 4 516 543 828 319 122 606 52 259 11 448 162 136 570 64 795 15 443 346 292 124 728 653 63 629 470 396 847 534 776 391 687 845 660 752 602 684 728 391 748 379 762 138 696 634 474 470 101 921 289 543 735 784 288 474 576 567 748 865 961 704 835 656 8 190 576 346 883 423 432 298 26 536 568 884 305 856
774 593 464 268 498 548 987 467 109 945 323 565 875 775 885 19 840 120 105 716 818 356 215 438 170 210 15 960 750 500 885 520 21 139 607 707 122 25 74 874 272 700 368 776 815 391 987 930 978 742 290 967 222 395 811 657 328 559 444 144 71 689 931 669 940 657 285 47 889 376 181 989 611 235 845 892 681 190 964 829 815 596 644 362 733 923 970 929 115 944 854 637 109 151 323 894 401 740 394 244
147 363 963 358 140 318 502 46 633 469 195 223 636 293 993 800 321 499 32 610 342 686 83 755 193 287 894 667 813 440 450 732 125 226 883 934 837 533 119 641 133 73 60 36 108 617 60 510 986 99 919 820 576 557 537 312 81 573 256 493 487 714 105 734 575 283 65 667 115 305 55 686 497 962 467 106 287 333 575 963 473 721 79 497 398 961 223 624 537 698 103 713 405 855 423 527 893 411 591 589
720 201 911 856 690 462 521 253 544 735 714 214 843 46 658 631 932 993 112 438 368 12 707 445 201 766 643 212 469 853 752 952 922 762 383 209 850 316 777 106 729 641 528 138 113 53 119 140 638 80 6 839 184 595 51 452 720 998 196 342 545 344 778 140 548 909 722 569 782 131 589 450 454 168 676 820 684 937 609 835 495 319 312 165 761 741 601 274 753 561 834 720 723 709 328 716 358 560 599 232
477 848 832 477 22 338 240 944 628 64 683 275 993 241 64 300 697 611 706 658 989 307 433 204 570 566 419 542 732 519 43 165 981 985 49 962 765 154 41 245 445 849 466 660 293 286 922 271 508 518 915 741 190 930 70 57 794 895 846 799 6 533 583 175 344 788 799 252 212 920 259 919 198 86 981 987 548 719 877 432 44 476 794 360 105 463 422 821 633 992 42 530 252 194 65 893 472 738 983 747
897 697 717 92 261 172 590 61 697 120 181 726 721 965 221 459 548 44 63 837 200 168 356 340 218 654 736 102 963 651 630 477 787 622 778 848 800 420 241 28 261 438 207 393 80 367 307 494 809 909 637 73 475 710 238 182 815 274 919 710 465 643 788 136 0 244 79 735 996 232 587 386 101 425 650 821 534 891 447 736 215 444 16 401 143 5 815 72 565 268 669 471 424 655 324 369 912 439 313 462
933 652 811 504 397 755 362 337 487 681 476 466 63 29 373 541 236 953 638 127 621 64 898 540 890 240 615 71 660 225 102 993 680 280 419 129 234 494 341 52 714 738 33 667 727 615 683 587 807 810 200 682 949 497 740 481 563 890 740 26 39 984 975 26 296 352 632 392 16 995 383 128 280 487 421 181 938 602 299 367 838 332 421 655 162 179 612 8 462 870 400 791 836 434 106 865 91 587 260 278
468 66 3 439 564 616 136 933 354 946 484 433 252 825 154 61 852 806 581 551 110 474 795 982 541 844 456 118 547 209 899 788 796 360 399 350 133 310 315 948 512 996 689 770 23 453 807 786 1 203 214 554 855 907 223 95 874 196 750 331 393 559 294 780 694 538 949 831 883 800 377 546 256 448 205 999 309 153 52 613 238 926 22 732 889 13 898 468 778 971 953 215 405 478 76 59 179 49 8 883
761 644 991 628 783 135 256 222 626 578 84 215 143 47 14 306 890 157 290 794 301 899 817 730 398 740 840 113 818 288 737 500 660 636 662 312 989 63 733 744 187 888 120 112 489 453 386 844 406 345 206 453 249 665 346 249 79 921 781 217 424 846 823 146 142 306 404 939 641 915 942 216 258 191 802 766 743 691 147 569 972 875 497 368 376 802 628 743 567 35 642 732 787 849 863 56 464 846 728 847
648 212 397 101 531 637 46 950 182 113 781 750 772 111 651 276 440 625 835 253 403 248 96 977 458 281 879 620 120 603 846 488 651 292 87 637 76 109 167 996 461 79 245 145 373 907 730 384 930 657 116 502 455 986 857 197 159 898 590 504 914 699 107 954 775 208 162 435 958 199 691 421 224 225 842 673 339 563 158 196 28 420 383 877 322 687 211 749 705 741 314 293 747 744 484 790 523 977 458 740
383 132 327 930 8 863 784 208 258 714 166 387 662 375 695 734 544 931 111 456 295 509 578 384 479 586 262 679 540 261 279 299 183 814 578 455 4 383 749 199 904 988 594 735 459 706 256 636 308 244 231 529 429 188 361 446 186 528 961 891 60 474 55 881 72 423 548 627 297 324 950 595 853 646 918 270 974 816 611 99 813 412 72 543 742 779 170 15 275 526 447 242 392 158 872 483 968 968 231 771
803 94 941 775 83 731 200 501 908 655 942 287 272 871 932 144 279 738 711 343 631 240 948 946 11 401 804 861 935 630 369 901 344 124 467 775 429 867 495 961 128 376 517 308 640 375 873 202 36 850 726 149 620 327 609 221 115 45 811 685 45 438 337 292 88 163 628 771 706 281 622 849 20 491 893 850 188 235 865 199 509 304 623 86 259 78 450 220 316 435 592 192 995 70 52 276 358 585 84 884
572 934 236 408 13 905 929 824 899 885 786 862 864 22 575 145 462 413 478 776 370 599 402 62 644 808 824 230 992 492 805 41 896 521 893 386 125 385 896 452 162 811 782 382 62 124 559 51 475 999 623 784 514 621 52 308 561 143 426 364 449 983 225 531 810 173 316 516 412 894 98 356 612 72 665 632 915 260 730 521 246 33 32 546 575 662 176 309 792 972 738 155 390 672 685 349 802 599 511 411
752 20 536 202 483 604 774 136 40 471 549 406 970 880 486 508 424 784 138 518 304 116 865 973 175 866 903 760 923 312 36 248 9 977 737 884 13 759 199 884 709 878 765 301 286 534 373 737 841 731 133 425 624 515 508 619 968 550 393 498 815 616 749 482 176 824 356 51 670 885 341 598 31 701 478 974 932 97 838 113 648 661 68 0 484 9 315 760 169 767 401 300 591 174 311 287 973 21 532 339
633 104 71 302 918 383 401 108 923 487 566 527 826 183 86 886 163 693 402 661 323 192 189 818 346 971 944 819 605 368 999 435 818 767 896 90 735 951 765 881 742 636 396 245 672 728 315 410 215 837 965 641 957 93 577 4 826 247 143 488 582 84 626 853 617 160 841 909 304 210 750 115 966 39 754 584 777 663 819 397 821 423 886 455 781 919 45 967 564 589 603 952 59 831 598 203 814 520 522 890
945 567 989 36 798 57 232 416 258 38 430 201 229 976 262 448 973 308 529 639 925 446 117 41 522 28 594 231 526 276 645 834 293 680 119 369 490 919 246 216 772 787 486 851 251 63 779 960 543 81 502 303 101 71 771 309 465 328 526 479 955 344 257 486 977 467 968 60 826 760 216 389 727 595 969 178 744 877 375 354 251 627 463 974 243 469 129 178 497 258 288 459 662 320 316 365 677 801 895 946
538 689 892 412 1 159 899 888 527 598 683 578 443 361 495 805 10 970 976 54 473 642 297 156 59 874 734 364 488 146 548 673 252 303 305 542 279 600 388 926 80 756 589 665 88 832 473 781 359 92 160 642 160 408 211 49 618 871 473 94 186 704 707 125 152 844 288 129 948 459 588 320 64 927 143 659 590 409 587 423 157 134 78 260 504 719 737 309 404 8 630 385 599 115 767 22 296 904 5 988
287 123 249 639 573 804 644 287 377 926 712 132 639 630 785 766 271 289 170 785 410 794 706 253 766 436 921 803 192 98 76 176 462 21 186 391 405 83 318 476 386 851 758 699 18 598 468 928 765 931 473 613 599 985 126 324 692 240 851 4 994 283 669 404 454 114 527 384 661 886 107 29 113 500 972 811 586 90 479 863 422 537 522 640 876 745 564 756 732 505 297 151 989 751 398 289 789 453 551 920
474 914 254 602 700 608 396 633 449 934 823 822 115 171 350 307 454 945 878 716 782 204 475 88 933 132 350 89 96 254 116 951 867 660 406 464 746 429 832 213 871 287 937 613 863 708 197 4 100 298 632 492 536 515 154 289 529 74 576 411 482 611 754 169 318 659 586 370 145 730 181 580 341 448 510 679 748 462 182 691 806 628 699 849 370 656 297 86 174 719 954 173 99 211 917 874 145 366 421 818
291 244 538 450 483 850 502 582 905 15 16 989 472 383 271 71 13 590 589 641 527 474 935 599 643 610 95 399 952 563 903 710 854 134 993 145 834 258 807 190 294 905 711 186 247 56 231 540 617 26 856 614 999 662 677 777 735 814 723 443 477 891 857 97 306 114 311 42 567 100 936 326 300 336 790 707 979 718 967 181 865 56 198 546 736 265 948 864 516 999 148 760 993 875 439 408 211 194 45 746
630 858 875 315 836 841 113 769 557 276 837 183 213 809 233 207 955 300 223 814 360 729 617 430 174 991 706 112 556 681 181 452 585 939 421 324 660 230 647 876 191 579 932 770 538 114 485 992 796 606 496 459 947 556 597 80 597 301 848 26 96 279 135 38 145 793 939 362 839 36 690 784 639 488 535 366 240 74 114 361 379 833 592 893 824 807 141 456 510 681 48 76 505 102 407 322 649 854 240 103
963 11 609 408 302 162 625 564 770 844 255 245 843 744 975 334 762 227 162 502 417 427 649 211 117 463 995 708 657 391 976 927 515 606 153 805 233 454 548 706 319 498 858 30 673 175 841 676 146 198 838 39 424 58 169 892 181 432 397 985 447 999 207 391 558 644 852 260 132 101 655 419 102 899 268 567 571 968 464 467 35 504 596 69 740 385 54 557 701 225 167 101 48 48 687 166 445 296 657 480
930 169 601 774 530 326 482 133 193 641 107 975 291 250 867 282 812 390 486 170 783 971 408 362 986 899 44 727 807 117 988 3 429 959 867 70 403 127 324 306 674 575 380 814 306 286 819 474 375 717 535 821 567 737 749 884 935 101 14 37 809 310 765 350 274 386 318 974 948 586 549 673 441 252 994 621 555 273 744 795 424 555 71 911 379 103 714 582 672 868 326 339 436 594 473 18 274 660 735 226
835 782 370 621 884 272 801 882 813 186 109 473 257 134 456 678 926 935 393 535 841 515 201 284 347 772 605 263 980 551 126 177 955 330 337 572 540 114 884 280 7 947 474 612 68 371 205 697 41 621 832 548 20 973 830 792 720 257 687 52 35 63 971 763 913 909 324 209 376 968 354 34 762 808 215 206 433 183 784 129 208 18 516 685 219 51 916 795 821 362 649 477 372 712 114 400 979 937 726 613
571 533 439 827 711 157 323 571 526 560 750 513 342 694 595 893 865 40 412 549 697 276 727 587 348 351 101 550 484 29 867 884 547 848 564 791 226 586 419 392 883 434 998 593 897 339 966 167 297 21 391 721 778 651 647 851 774 881 76 288 532 192 976 690 513 86 990 46 407 285 601 648 346 14 458 183 191 945 676 644 635 163 388 683 441 564 622 83 296 801 497 979 826 508 953 747 19 314 345 939
160 820 678 309 665 848 586 683 152 33 452 107 578 821 355 503 954 872 650 947 661 291 919 959 186 622 603 630 990 388 199 732 871 128 976 136 321 361 6 127 163 840 884 339 58 301 123 715 262 695 407 373 110 767 4 740 374 383 48 545 942 847 216 48 942 845 958 924 368 172 59 941 320 173 202 772 717 665 201 182 496 933 288 467 755 64 250 380 759 636 760 292 533 410 220 901 454 148 326 172
778 983 521 760 246 103 648 22 479 760 712 868 93 774 855 11 789 544 130 521 295 859 999 144 728 501 573 262 886 96 652 143 912 809 319 171 657 616 177 42 358 106 91 780 715 207 733 244 84 390 180 666 175 356 273 720 182 855 531 17 798 244 918 867 258 144 806 813 781 457 621 841 807 175 773 826 459 460 950 491 62 61 843 671 20 842 544 244 539 167 530 478 836 772 23 628 380 116 116 354
784 892 619 736 486 330 257 248 63 887 4 698 726 143 827 345 207 434 352 143 807 81 737 60 816 379 139 856 867 603 655 824 536 294 639 594 957 717 343 590 545 755 392 462 669 520 921 287 1 137 296 344 599 178 810 445 49 856 535 618 701 67 895 392 514 306 786 609 924 314 583 444 818 998 937 977 782 211 716 487 108 136 340 308 799 686 259 279 767 431 198 700 72 578 893 153 878 46 694 581
638 249 70 376 989 118 264 348 605 138 386 50 716 979 345 913 39 437 283 20 822 1 351 846 160 523 592 462 258 345 955 154 263 312 101 951 390 281 749 97 214 306 589 997 428 77 170 761 424 510 198 370 18 46 606 163 529 729 754 225 257 534 470 771 720 748 510 125 293 757 837 261 45 576 981 116 317 379 77 224 757 961 503 869 140 795 750 860 146 253 822 115 228 632 22 633 157 624 355 653
601 804 281 439 760 983 827 701 430 574 264 541 0 109 319 200 273 445 27 85 83 79 36 399 693 213 98 439 819 132 497 681 200 686 885 87 324 374 927 461 51 761 389 650 83 183 415 464 875 794 162 945 688 555 329 2 571 774 286 496 169 611 797 385 428 815 800 393 159 840 103 810 229 367 631 263 899 935 207 644 267 454 215 2 758 667 140 411 536 124 904 107 877 789 559 221 814 828 961 522
975 358 503 167 34 720 482 180 106 792 726 893 11 727 788 9 822 316 689 763 162 242 569 21 412 39 27 741 100 75 768 594 199 441 1 507 341 609 91 829 992 241 611 983 767 194 129 933 76 308 39 935 558 851 911 676 699 943 382 786 716 464 355 604 928 682 632 103 66 569 388 705 687 961 505 980 311 171 401 541 960 42 615 945 342 432 499 714 313 893 302 764 166 483 190 802 312 546 414 132
653 183 760 972 64 134 803 434 544 80 690 274 726 165 354 121 950 985 945 197 90 260 8 751 637 667 442 405 404 345 644 569 102 129 502 379 236 404 197 5 567 235 411 336 792 361 330 217 457 130 579 592 999 872 366 510 7 102 284 95 313 702 977 818 998 399 506 846 114 462 90 867 191 164 712 588 49 746 823 827 325 838 886 769 337 447 397 468 407 253 241 339 824 333 170 174 681 984 696 836
469 300 795 176 209 800 382 285 98 897 680 485 369 482 56 121 193 411 399 545 296 393 824 807 65 805 694 747 843 579 13 163 142 905 534 17 443 838 811 487 89 550 381 32 751 565 349 501 820 611 772 541 906 22 628 691 24 406 124 579 639 438 50 321 664 305 243 746 721 457 633 742 424 435 153 363 646 849 277 756 448 744 809 986 668 983 588 717 756 490 688 517 550 525 192 546 758 840 462 158
978 734 397 534 897 172 128 753 301 12 486 71 135 79 569 321 335 669 526 166 115 20 694 121 482 61 83 289 931 985 174 977 942 911 209 200 58 893 45 938 674 688 15 552 195 547 328 843 806 50 587 239 851 858 68 641 548 927 484 94 173 497 148 512 185 670 115 786 906 606 955 65 878 315 347 994 653 924 701 794 744 110 635 771 928 114 728 299 553 106 464 569 421 244 510 962 932 589 315 372
123 428 367 857 164 840 519 261 584 935 818 382 930 973 266 464 320 523 625 219 564 576 504 370 313 831 630 714 545 906 766 411 510 863 721 292 692 596 888 127 164 385 497 619 86 899 128 282 696 529 696 957 961 684 735 768 761 8 482 789 336 806 821 268 517 695 67 855 119 429 763 262 371 853 305 227 822 939 838 220 514 36 837 821 207 352 132 326 611 224 268 156 815 74 704 275 857 940 586 488
499 917 287 1 66 382 875 111 760 188 697 178 14 538 255 945 515 697 258 807 605 499 114 800 189 882 967 840 240 443 571 51 436 353 906 772 562 433 979 722 976 61 997 303 852 410 740 594 564 165 773 327 945 65 532 421 721 956 196 164 604 980 151 502 48 780 230 336 959 780 310 317 763 498 57 859 928 163 435 754 132 293 469 825 251 177 62 782 525 155 84 784 493 298 585 826 504 970 814 767
12 352 42 579 387 956 736 275 853 254 6 97 700 239 102 860 426 125 756 505 104 4 847 815 851 78 2 780 917 117 937 903 270 934 39 570 220 599 455 562 24 425 298 226 145 270 201 390 495 941 649 25 261 50 473 353 445 838 509 826 436 19 442 828 236 492 14 543 241 601 584 340 735 977 268 652 82 597 783 929 520 828 425 648 753 17 225 693 408 947 171 306 95 122 78 26 907 362 413 648
518 298 546 823 787 867 75 43 271 983 419 991 249 537 537 540 852 299 129 46 764 141 347 384 389 712 542 213 446 848 194 694 465 353 595 392 205 75 673 258 751 341 828 276 641 326 159 674 786 901 729 315 502 796 466 443 876 870 671 724 34 291 9 805 462 674 403 718 380 33 539 265 606 702 880 509 518 952 263 997 185 691 738 278 440 861 180 30 673 769 919 773 162 70 697 380 393 96 520 137
273 862 932 444 612 649 62 419 693 629 906 26 125 365 996 965 72 309 715 160 878 167 660 778 648 268 318 106 296 721 368 740 547 78 744 33 777 998 975 761 117 991 747 292 738 193 337 173 695 438 524 495 311 621 117 699 112 883 682 875 531 820 383 94 67 254 348 13 993 156 821 406 221 354 585 287 821 518 774 446 744 557 884 643 878 358 201 536 362 612 384 611 458 873 934 610 455 606 137 713
704 40 908 547 92 465 634 25 950 324 410 588 757 924 918 985 500 394 744 116 545 580 550 864 62 303 801 530 776 583 727 753 653 26 667 762 937 948 947 719 398 457 20 779 387 314 513 927 625 591 755 988 917 829 518 942 857 318 411 651 130 91 553 274 683 578 498 681 612 307 474 527 771 771 311 708 772 838 996 574 234 991 88 170 260 360 866 457 56 354 406 555 920 650 321 740 524 559 992 462
821 60 734 32 76 105 216 332 753 974 179 365 344 455 762 739 36 913 36 955 593 607 101 237 683 733 738 666 286 305 217 461 137 463 769 477 895 126 867 180 649 688 350 360 213 765 245 849 26 307 953 713 929 182 217 437 5 90 74 898 396 770 324 394 857 151 637 856 879 69 456 501 945 877 251 253 70 877 456 170 730 457 476 431 699 138 85 844 297 930 64 596 668 402 339 507 480 447 149 371
875 564 16 149 246 707 461 67 470 99 456 555 872 484 569 595 859 671 170 262 944 533 575 669 166 89 115 834 358 853 64 52 77 234 304 528 118 696 990 732 943 453 250 12 770 1 772 915 911 434 316 752 690 545 669 990 81 980 564 377 536 947 691 528 85 464 730 62 590 772 900 829 915 63 766 380 639 843 202 464 619 521 954 932 63 299 14 763 41 907 306 993 531 517 912 83 401 501 601 249
752 825 822 14 827 923 51 875 286 102 785 883 488 34 16 845 200 494 664 531 338 562 310 119 901 147 460 774 884 554 301 261 990 554 635 108 956 8 505 209 999 370 609 827 779 447 852 473 474 525 286 405 829 475 121 565 968 205 609 411 658 628 385 553 375 453 308 735 433 806 523 436 869 949 407 225 622 140 48 350 490 378 724 803 429 910 873 605 448 427 96 945 409 992 950 346 864 800 339 252
128 309 402 799 614 633 962 531 250 74 814 223 275 834 8 62 554 85 960 609 57 45 944 387 553 263 49 553 226 277 275 618 529 340 676 436 514 850 750 540 436 532 927 694 163 63 763 238 464 525 585 522 251 461 937 736 815 766 234 378 353 551 575 288 637 547 996 541 543 423 52 547 315 111 520 191 403 117 824 52 50 625 70 98 248 230 605 642 359 963 285 991 819 249 456 111 53 647 660 756
460 939 255 613 421 742 349 804 515 416 744 955 228 556 685 197 255 701 947 14 871 114 987 227 285 127 305 196 282 547 969 52 643 854 609 759 616 581 674 809 789 67 44 391 341 286 257 102 982 817 977 995 204 281 2 387 795 965 785 465 159 16 907 819 130 758 778 542 818 213 360 488 664 30 180 934 757 654 124 715 22 766 183 700 126 321 708 43 444 472 624 393 385 452 202 808 310 673 775 196
696 770 407 513 344 570 295 286 813 833 808 572 60 981 721 553 704 563 496 833 603 837 512 846 762 55 961 884 72 896 886 528 854 757 890 927 850 537 726 336 899 936 986 461 425 341 823 481 294 567 690 19 964 425 347 223 703 298 534 995 156 585 12 299 394 471 444 290 109 337 740 228 223 149 72 182 407 108 340 107 144 304 34 329 624 996 829 903 304 536 404 118 817 273 430 466 328 875 314 977
980 39 464 450 258 711 874 834 406 219 20 506 474 133 293 283 236 612 218 512 22 723 565 795 878 311 249 750 150 803 418 521 739 841 130 891 333 145 858 346 293 529 375 354 950 540 667 197 347 641 759 996 560 437 234 532 607 627 668 700 671 112 473 884 901 301 1 38 467 524 994 826 330 63 477 423 537 729 46 382 285 676 626 858 761 262 97 835 797 186 440 535 823 598 158 986 566 385 236 651
564 353 572 851 282 865 758 464 960 622 634 844 241 477 312 472 302 791 246 644 260 400 336 642 528 354 663 160 683 116 453 879 743 741 184 192 788 232 966 991 400 814 793 71 791 931 606 100 743 348 884 564 165 523 445 701 692 921 498 340 146 109 221 593 417 722 232 616 938 34 707 225 563 126 307 608 27 242 405 46 8 466 665 454 444 665 281 961 651 477 803 132 735 205 34 586 12 54 457 204
785 935 508 653 561 991 509 248 459 4 246 896 410 37 330 43 803 657 528 606 914 588 122 318 10 780 241 925 838 124 42 313 576 95 134 774 1 147 467 942 172 345 367 372 893 253 29 234 890 50 466 257 589 32 958 771 97 224 208 777 65 118 585 865 617 870 403 28 346 472 142 839 926 62 33 747 69 887 467 845 364 217 518 319 683 754 188 13 924 810 55 414 207 251 962 979 431 745 433 782
111 264 849 103 25 789 680 858 72 446 138 532 590 411 496 585 522 37 470 417 85 289 782 25 28 311 775 874 5 606 991 734 942 321 437 884 907 459 232 510 932 131 763 174 170 28 695 691 6 234 886 286 343 685 499 973 842 381 527 125 741 789 475 310 442 471 514 138 860 904 398 572 612 712 330 171 976 561 618 110 327 509 853 789 161 205 801 745 885 699 678 776 843 545 207 227 964 658 530 619
287 974 125 75 823 568 600 945 181 679 993 718 661 842 137 964 214 895 915 300 85 205 826 521 100 852 308 349 352 655 731 309 128 755 66 709 360 685 104 302 374 509 207 375 360 864 473 563 92 695 472 945 344 692 922 390 875 672 686 671 582 58 549 827 32 294 529 964 224 584 300 236 63 211 269 635 133 587 771 586 944 605 871 746 176 328 616 840 346 722 145 433 407 485 201 62 239 212 7 331
712 500 718 233 345 722 455 834 400 897 716 889 683 246 506 919 204 33 565 163 475 489 354 229 650 85 208 616 535 682 370 185 383 355 57 916 719 919 768 62 797 981 603 85 55 960 357 759 641 337 877 240 812 321 194 761 463 781 311 248 176 528 225 401 711 635 308 557 59 427 947 677 263 815 441 544 890 573 799 182 743 798 414 185 320 649 893 734 630 527 588 103 546 57 287 952 678 477 129 154
12 269 905 618 84 395 847 899 553 405 501 729 31 336 626 843 272 778 991 574 192 420 338 833 350 796 808 93 795 925 548 984 823 143 749 811 237 674 632 944 722 422 408 161 135 294 241 929 345 730 871 217 485 342 534 168 725 360 231 231 903 673 426 410 944 353 887 276 230 646 443 425 162 870 595 564 750 751 264 906 429 198 634 500 40 362 757 26 132 48 766 564 225 548 461 320 270 830 68 78
704 562 854 479 313 718 929 26 64 640 455 935 811 620 483 803 946 808 60 484 234 66 38 350 963 817 481 949 222 171 415 568 365 703 518 460 170 694 728 845 915 588 982 440 194 515 981 963 222 747 670 624 935 887 433 779 157 103 416 453 645 45 500 440 660 971 363 389 446 480 481 34 672 678 746 40 532 295 309 31 447 92 288 932 536 447 377 68 683 986 636 107 120 269 151 963 877 767 875 694
810 820 316 608 431 225 309 534 961 11 600 700 26 241 455 888 558 886 656 212 510 860 272 794 974 972 549 580 763 184 486 849 347 936 719 316 211 778 706 963 943 513 53 742 709 966 598 162 582 749 627 262 364 888 232 680 235 889 769 437 905 768 844 746 901 845 973 924 990 793 701 685 867 821 414 105 346 304 203 150 350 65 569 421 608 160 98 802 27 537 125 449 140 716 98 631 504 709 555 204
870 47 466 423 445 679 37 482 895 35 880 819 825 880 202 827 272 374 624 388 808 81 767 500 674 486 772 979 365 885 848 108 234 636 78 628 336 371 819 882 770 602 837 518 866 703 359 31 922 48 303 99 98 169 695 342 93 580 968 599 693 837 961 482 626 420 414 512 388 865 244 429 622 301 893 144 100 133 696 191 298 246 392 860 387 392 184 498 643 847 312 454 199 640 509 158 771 89 238 876
546 482 239 452 367 673 182 461 834 156 237 864 749 129 746 744 747 299 576 912 887 197 104 374 701 623 397 207 474 697 270 636 93 486 635 598 360 840 263 479 550 486 667 905 880 904 839 371 292 609 171 844 630 903 907 875 320 602 731 285 95 518 171 891 175 707 15 704 802 172 878 944 691 88 795 913 800 306 795 331 479 605 816 262 452 211 154 337 378 489 572 376 913 713 814 931 671 606 707 647
39 128 212 968 655 22 896 926 609 60 111 974 962 207 515 438 411 874 860 153 610 764 93 937 329 586 684 643 800 305 297 913 525 521 532 25 640 878 938 617 700 169 384 395 380 474 694 140 392 858 838 455 894 955 915 427 484 98 780 237 400 220 575 593 252 583 37 516 829 559 331 35 383 419 12 412 949 551 229 983 948 710 24 244 545 60 707 101 915 957 281 694 143 777 75 394 68 301 553 929
212 311 92 433 304 166 192 297 542 616 642 48 273 7 130 773 69 173 747 421 198 607 628 757 541 480 438 774 804 808 276 71 600 588 345 869 751 585 781 78 144 824 348 596 469 449 461 274 651 77 546 433 544 731 956 99 816 975 544 672 617 316 269 81 823 371 936 499 343 262 363 649 859 818 16 49 74 740 735 31 873 493 105 717 542 914 826 822 106 839 678 330 19 819 410 92 978 823 709 726
140 774 444 19 807 417 383 418 669 114 813 338 915 272 770 163 22 69 446 910 499 991 948 960 289 882 783 523 320 710 789 168 600 889 771 981 422 518 724 201 373 29 344 147 416 824 665 951 843 173 465 595 257 496 34 187 401 857 191 75 460 735 766 391 989 821 586 314 688 384 673 957 228 909 37 69 844 986 933 666 952 807 220 848 785 948 509 821 93 945 720 976 920 381 191 450 718 900 351 392
71 352 955 469 406 668 203 787 826 388 550 720 229 846 783 371 421 104 417 147 913 297 895 146 345 748 308 399 484 491 442 216 56 834 550 278 643 736 858 133 236 793 339 758 688 554 841 490 596 754 666 429 158 912 681 301 50 192 271 276 188 947 867 104 954 572 170 623 411 972 442 847 724 397 121 325 753 850 203 77 364 70 343 801 49 138 850 48 779 398 899 788 216 805 828 878 430 750 677 672
144 279 696 721 319 904 845 105 120 448 414 974 784 899 404 81 958 134 784 547 917 237 427 79 231 994 183 765 797 372 171 584 156 650 84 73 123 83 229 134 134 932 260 450 675 543 73 285 961 882 853 287 662 237 216 59 677 942 123 781 719 470 312 349 172 808 449 148 588 310 938 531 629 567 328 81 330 123 236 917 306 34 107 384 168 568 451 726 400 713 14 846 386 31 727 249 808 79 333 225
44 664 200 222 79 849 739 977 910 926 52 250 293 373 566 266 631 206 527 433 525 126 648 57 469 787 300 111 476 846 770 686 951 998 337 716 25 94 713 630 997 206 881 255 939 313 855 989 981 584 42 467 626 149 530 215 683 674 653 868 911 557 868 2 288 110 95 275 951 802 181 918 510 832 44 270 746 251 709 177 756 584 7 282 945 375 813 111 387 298 448 136 889 61 878 199 368 984 530 873
825 353 671 884 33 294 529 54 384 643 856 817 31 433 590 148 201 162 415 633 270 500 972 848 251 655 198 419 965 821 603 132 486 476 917 369 126 809 716 137 57 487 691 811 418 79 37 541 927 128 96 73 240 558 565 901 50 337 481 977 541 266 613 610 582 688 334 896 217 440 109 85 866 894 603 718 359 27 988 627 372 275 543 922 784 335 360 821 973 14 676 843 761 902 935 311 378 222 987 558
366 19 312 572 73 217 642 6 807 587 597 751 115 981 40 286 489 212 781 78 460 758 912 450 175 413 480 141 150 886 977 486 151 100 409 287 434 913 330 212 944 582 193 734 829 747 991 659 766 838 408 925 410 727 578 136 456 967 48 646 746 907 648 767 58 966 637 978 722 385 991 442 774 86 7 769 22 987 281 144 884 562 641 547 513 849 344 312 592 572 992 652 203 624 740 803 301 603 686 276
520 982 961 697 583 777 843 882 440 165 55 35 989 516 61 242 89 852 439 103 211 715 857 593 660 519 52 334 607 743 517 48 253 945 385 301 43 122 545 557 603 38 559 253 299 380 845 591 694 276 542 375 126 721 865 57 258 916 85 192 575 603 581 479 854 472 30 845 298 833 875 761 821 564 846 622 646 82 724 976 12 529 975 502 278 832 109 36 453 668 425 694 829 742 982 283 987 84 27 271
963 579 888 542 759 540 126 437 306 439 671 854 538 910 317 273 850 923 118 461 204 554 207 971 17 603 298 451 142 492 961 49 216 996 895 597 284 929 770 946 46 344 280 280 138 717 585 474 860 42 654 88 396 287 879 956 986 779 306 48 7 494 289 360 870 300 822 924 616 922 255 301 726 256 775 679 1 379 820 277 308 113 835 534 599 271 607 784 232 800 893 954 704 335 189 664 900 568 975 517
222 189 597 502 590 456 969 414 731 642 138 47 573 590 258 729 824 688 682 555 152 17 974 33 451 407 751 9 549 786 876 565 671 495 552 852 966 662 443 472 109 839 806 318 15 6 312 76 30 217 521 795 334 805 877 703 440 628 984 621 596 997 488 420 887 315 741 541 512 185 431 252 411 217 266 321 176 477 255 245 650 426 434 352 518 590 875 88 762 699 270 379 96 122 590 554 870 368 142 790
770 722 80 469 196 45 696 881 416 499 622 595 863 845 295 815 486 680 806 804 640 166 296 80 43 258 425 366 486 282 792 583 996 280 265 635 53 79 755 723 558 943 43 551 822 115 444 818 307 526 485 695 589 415 887 263 293 61 736 320 678 240 8 45 564 809 171 673 922 540 385 911 680 736 901 697 996 649 312 16 605 709 682 218 924 249 366 245 158 332 649 582 517 104 564 275 975 596 222 786
804 944 284 613 321 669 245 382 529 546 711 366 75 257 440 165 677 369 209 38 338 768 350 525 78 248 701 973 537 737 722 145 834 418 325 698 490 703 889 935 325 714 396 118 850 556 322 569 447 674 406 372 564 431 542 523 350 644 517 859 665 263 907 475 993 297 226 874 398 971 4 586 294 152 189 823 994 357 385 60 878 603 918 675 796 260 644 434 319 80 695 665 403 113 778 258 912 683 29 423
745 572 996 598 109 9 355 650 224 134 118 248 690 170 850 423 214 774 413 247 201 58 271 366 133 379 594 862 578 352 72 265 487 654 219 716 160 196 437 14 913 989 596 407 94 425 55 346 160 945 443 862 235 317 300 283 321 330 680 932 919 88 445 545 509 450 486 394 47 844 765 186 183 363 179 277 888 565 575 168 941 809 321 859 334 381 958 768 546 514 93 770 224 252 721 836 126 596 856 825
201 565 277 366 933 707 838 769 576 503 635 662 768 257 341 997 791 362 421 645 482 597 324 158 377 232 622 784 842 851 250 708 838 859 178 789 574 828 831 515 181 298 607 222 809 512 835 598 850 833 246 462 391 593 240 607 211 124 777 304 971 480 343 866 266 533 395 227 975 881 431 5 999 839 747 836 398 258 613 970 252 697 685 296 938 235 236 948 913 951 823 866 173 943 969 430 658 148 786 311
829 270 282 520 930 186 632 282 291 709 712 876 593 966 117 996 983 4 97 316 817 832 207 544 538 422 676 57 988 915 313 508 700 251 645 820 578 549 420 192 987 787 571 353 61 562 266 213 546 156 859 768 968 85 254 179 175 417 398 174 621 717 563 566 411 91 216 161 360 128 879 130 370 266 859 277 82 71 301 310 532 482 558 871 20 584 773 247 595 255 873 744 775 143 259 404 591 161 976 483
606 289 852 256 733 884 830 504 201 652 181 588 626 179 603 913 408 985 871 166 57 968 747 681 740 318 713 7 913 141 217 693 757 367 189 946 706 723 59 283 92 26 944 926 523 183 730 934 782 812 10 844 768 856 527 385 880 544 757 187 985 727 725 126 553 863 669 201 215 537 598 486 761 84 969 391 526 847 191 730 210 627 47 455 514 610 989 711 77 546 94 318 759 291 993 440 256 862 810 798
728 944 955 740 747 124 128 336 298 970 792 616 144 821 337 151 114 696 468 19 88 926 526 786 653 636 836 840 158 599 969 683 56 963 85 153 697 834 674 715 505 568 239 41 644 278 952 353 319 8 65 171 359 823 430 867 633 210 878 463 256 411 274 277 894 341 25 750 401 203 525 404 874 679 703 767 539 927 978 643 34 380 446 81 561 260 649 69 624 545 726 230 160 856 613 362 831 210 734 361
