10 10
550 743 78 372 627 640 941 847 850 732
258 398 527 536 174 856 583 993 791 713
466 957 55 382 818 842 575 671 231 289
829 191 511 958 572 412 376 49 95 718
847 24 81 878 198 703 744 500 72 137
213 946 724 627 236 631 27 771 80 416
794 31 359 3 829 109 489 747 240 9
370 411 89 745 512 392 548 224 846 292
196 317 292 583 833 848 462 257 760 128
201 849 63 387 953 653 671 686 877 766
10 10
357 55 765 661 884 926 622 429 151 948
426 448 62 572 490 35 384 425 745 383
744 591 895 426 533 385 877 71 755 235
314 944 415 978 878 482 679 463 422 579
482 123 269 412 181 939 37 164 347 183
985 739 958 658 294 655 820 910 430 73
493 128 265 899 445 600 16 297 449 79
436 53 194 185 69 64 436 360 975 493
521 100 194 34 501 288 481 28 408 51
721 144 189 852 819 817 909 230 413 439
