10 10
480 873 48 428 420 940 557 210 945 393
560 797 581 107 67 467 833 630 26 567
207 105 920 252 661 268 758 13 526 171
699 603 638 934 973 180 451 103 570 28
552 930 666 436 282 851 924 311 465 610
15 91 17 850 200 570 824 77 838 867
719 210 315 995 404 898 176 519 735 958
134 683 28 876 296 934 1 903 777 967
168 116 143 939 595 457 81 890 991 577
333 6 757 31 167 595 925 37 174 892
10 10
404 548 879 132 924 100 672 463 372 521
340 2 513 395 338 554 839 4 727 350
290 882 887 747 935 310 423 60 909 47
809 898 36 710 676 472 605 119 259 778
796 695 146 828 753 811 173 761 964 585
445 750 493 144 433 56 143 588 792 412
969 124 816 275 844 209 277 153 765 486
232 65 495 858 553 386 233 495 850 551
677 970 367 844 495 363 703 899 276 283
151 971 13 939 69 518 625 574 321 61
