10 10
42 63 620 832 862 976 662 437 363 252
521 762 769 487 337 16 786 724 190 498
518 512 531 964 71 928 15 840 892 360
654 838 789 360 986 572 249 343 789 92
446 964 118 207 28 206 850 172 957 276
155 232 605 156 649 939 161 875 625 268
245 197 817 52 702 646 156 953 89 116
265 512 275 219 839 847 791 145 717 783
325 338 119 403 873 540 711 456 55 673
917 540 615 714 39 292 813 859 493 334
10 10
376 929 691 600 328 532 760 122 143 585
369 453 257 335 537 670 460 538 437 832
80 653 891 19 573 141 630 538 71 996
569 969 75 656 723 764 105 717 886 588
507 276 787 779 840 87 428 133 595 401
742 350 694 379 600 597 839 615 70 692
826 763 17 655 43 8 296 911 330 417
389 771 901 525 335 895 583 387 71 583
224 626 185 378 360 423 835 985 574 222
84 156 41 844 382 817 577 315 57 984
