25 25
437 649 127 869 454 303 448 35 995 992 310 321 735 84 222 49 840 329 297 343 219 495 296 38 36
910 137 582 873 60 771 790 445 707 223 346 203 454 294 143 570 111 966 264 357 348 764 698 692 644
477 305 76 248 69 33 720 326 884 267 73 110 259 850 299 292 227 335 974 108 388 940 322 895 686
860 756 309 358 270 480 647 850 228 627 814 836 732 827 420 303 560 264 272 344 425 86 529 708 351
312 186 414 272 109 511 120 708 750 394 990 171 502 388 889 253 342 634 122 246 951 175 259 914 138
325 730 850 438 964 272 811 692 660 424 500 506 3 239 874 10 771 394 951 875 678 486 98 99 999
496 900 113 95 160 302 276 827 822 920 834 949 212 183 235 685 730 862 33 689 320 546 490 957 18
647 491 880 825 921 470 389 960 525 640 199 622 61 576 608 90 486 484 728 589 738 422 670 215 367
120 859 987 234 888 950 444 742 374 699 862 16 666 919 537 942 520 668 717 661 628 46 91 48 86
793 865 837 640 21 54 718 576 366 925 871 796 595 960 221 956 163 534 993 423 923 9 581 647 885
941 402 599 95 217 88 530 222 628 591 387 211 796 499 727 158 567 844 673 887 899 240 291 521 837
770 38 494 873 794 992 753 839 748 455 513 370 621 862 962 375 609 811 106 73 991 689 671 450 858
73 139 26 785 107 306 158 576 943 948 770 640 163 519 223 911 153 727 987 660 968 132 945 748 876
715 208 46 315 239 785 701 100 751 297 153 547 973 133 476 682 710 176 429 372 119 304 409 3 295
586 603 737 27 304 489 666 388 261 133 518 706 793 158 762 437 777 459 754 760 701 696 550 685 892
831 799 657 141 703 797 38 91 51 181 203 79 151 543 862 263 847 414 128 196 292 98 826 514 467
364 952 650 975 566 319 938 288 825 806 724 79 950 532 589 444 889 996 705 31 371 8 568 12 582
630 157 491 353 730 336 436 96 687 207 37 553 564 915 979 981 873 226 196 378 750 880 998 317 332
255 157 365 460 207 14 473 722 938 853 850 975 677 843 542 299 101 581 593 608 333 429 189 78 511
644 712 894 966 853 340 803 632 530 525 366 582 86 57 89 23 474 447 444 64 816 364 428 411 435
602 201 476 145 628 777 174 246 491 543 99 331 867 339 25 755 389 745 658 587 728 583 570 947 601
140 738 104 543 356 116 384 644 555 854 179 908 450 154 489 373 817 346 221 380 885 119 978 309 970
422 992 178 548 362 975 163 127 901 396 44 429 578 877 16 774 514 619 439 999 960 156 120 650 347
355 878 739 432 581 264 845 650 322 345 42 710 194 342 439 683 76 330 235 410 614 682 68 571 556
498 473 78 570 759 339 525 756 187 92 192 419 466 734 61 917 733 308 663 210 246 785 102 552 940
25 25
995 796 612 467 430 458 819 833 139 567 859 509 393 275 239 209 927 66 431 578 551 452 727 749 776
547 247 43 42 545 170 614 378 810 481 78 745 295 395 956 123 636 185 225 366 877 660 41 503 300
117 706 536 995 588 293 132 233 680 703 590 310 291 830 530 432 369 870 759 318 796 763 454 512 160
610 273 422 574 67 780 344 643 655 419 44 157 797 551 51 757 694 51 230 245 236 965 278 288 295
57 540 13 332 129 125 226 586 306 64 581 610 9 513 16 399 768 692 215 221 258 620 117 600 1
971 963 734 325 94 976 749 579 314 765 560 410 726 702 958 315 413 663 287 643 809 666 629 591 743
224 112 547 926 421 357 548 426 461 11 979 94 939 762 227 222 619 42 192 717 163 481 227 606 66
0 681 306 311 548 641 679 40 43 88 821 492 843 963 579 699 598 698 955 291 341 255 94 829 718
544 151 477 743 431 181 549 417 38 107 328 745 391 245 554 357 772 661 746 79 849 170 541 267 846
49 735 530 315 452 811 633 220 889 870 327 486 449 770 649 245 984 338 551 500 129 784 689 168 883
448 569 272 431 310 842 393 480 176 65 880 970 593 563 790 133 81 81 178 462 314 546 368 306 375
936 185 880 831 327 213 63 492 857 595 322 322 242 822 74 337 556 289 273 125 87 905 374 331 855
609 691 55 792 711 301 516 266 59 298 151 697 500 824 16 761 811 976 348 485 481 23 417 393 515
100 953 403 862 756 335 181 221 579 248 543 603 846 474 219 472 133 544 259 966 415 310 47 443 477
680 321 336 983 295 866 774 755 466 200 820 401 515 448 20 721 834 533 920 305 273 678 501 489 880
228 713 33 895 33 825 975 163 953 31 434 876 116 320 705 987 655 822 852 552 873 898 749 532 687
203 726 932 339 405 101 130 877 299 20 744 254 461 438 283 496 911 199 728 198 890 371 306 172 394
653 697 958 16 422 455 78 861 263 1 133 195 369 507 177 134 751 301 513 231 329 749 371 373 911
398 10 806 409 292 441 647 269 585 265 56 537 123 365 505 706 213 951 506 426 346 502 537 400 886
472 999 458 441 607 912 921 371 734 938 2 828 737 390 75 39 367 892 50 274 674 909 968 936 257
601 810 801 160 285 89 158 802 115 160 15 34 922 881 264 79 367 198 347 484 856 619 122 231 497
177 50 306 127 456 442 430 246 518 882 163 772 635 733 346 204 993 791 924 562 736 283 859 9 33
486 211 224 704 212 381 352 866 474 22 213 523 740 616 587 159 873 970 852 761 104 164 474 757 977
226 951 77 319 769 327 987 770 797 298 938 214 548 742 330 523 773 345 49 174 667 697 520 609 548
988 476 721 295 173 794 508 114 253 186 231 115 176 357 282 791 992 627 702 329 893 260 940 323 203
