25 25
791 73 142 473 50 537 226 183 708 588 433 780 53 167 617 808 311 428 184 101 290 965 547 777 688
297 775 848 588 662 599 452 740 994 851 261 645 736 482 173 493 228 914 26 143 324 306 174 716 302
602 515 990 653 167 266 659 389 966 768 376 149 912 382 899 1 572 47 643 757 607 923 976 202 322
365 644 410 578 449 614 113 777 984 451 357 14 793 351 142 311 884 606 573 679 195 272 766 311 864
963 50 634 464 704 793 460 338 330 596 300 561 981 582 823 310 237 39 82 554 449 98 281 767 408
20 193 155 14 513 858 941 90 619 373 505 976 994 631 27 872 218 791 774 529 732 87 362 505 180
29 838 953 451 659 120 91 978 607 388 343 156 993 89 982 998 232 311 872 90 54 728 670 358 551
603 711 673 158 509 755 824 773 762 665 200 846 362 5 56 996 674 520 89 650 720 699 394 54 90
73 17 663 841 405 470 439 36 805 904 743 329 49 415 994 236 675 846 366 156 889 549 371 260 135
866 55 279 589 605 732 656 192 496 250 463 870 140 723 925 309 154 156 202 91 419 46 67 782 676
175 894 500 49 731 464 285 545 446 612 944 669 326 66 228 70 840 810 920 293 545 503 550 207 425
496 79 980 312 12 61 357 709 227 789 834 714 304 669 602 497 719 67 247 542 870 281 153 507 724
970 924 189 904 647 616 927 986 879 221 861 426 85 73 253 236 413 698 650 723 24 483 706 681 888
352 305 327 150 761 80 96 460 525 574 630 441 387 619 228 272 17 168 755 989 205 579 997 910 705
651 542 961 666 20 576 274 762 795 502 690 674 358 328 999 85 311 130 689 215 549 167 938 467 249
341 316 247 269 419 871 631 103 724 122 163 214 235 502 684 418 639 78 452 305 411 200 653 572 120
578 675 520 157 995 64 951 199 622 29 774 659 443 726 774 142 298 23 95 737 288 876 731 0 646
994 504 209 303 324 697 350 366 612 255 728 43 287 876 275 636 768 66 125 777 558 66 191 977 357
562 899 0 519 457 54 236 661 926 491 881 879 132 340 64 805 455 460 270 429 0 756 760 800 429
273 90 337 999 281 754 441 447 215 553 241 485 394 44 782 321 712 857 257 674 674 422 523 432 896
688 730 624 203 929 140 578 498 641 330 222 72 736 405 337 215 610 743 325 238 558 302 529 13 761
478 13 829 338 202 646 978 117 217 686 710 250 577 405 754 744 185 223 426 422 535 232 669 438 129
163 56 433 306 925 423 423 351 231 341 686 891 10 245 811 812 797 922 919 926 880 998 669 82 468
936 796 626 90 42 28 324 301 842 235 664 668 597 420 637 482 722 631 649 890 612 404 933 344 5
318 855 483 481 625 729 940 805 198 942 422 251 972 362 891 898 753 417 655 403 559 68 457 607 524
25 25
746 242 614 200 999 142 75 475 667 759 957 673 515 874 824 62 2 509 146 61 484 342 151 156 313
704 501 183 512 952 391 199 367 498 94 352 37 525 111 728 472 218 2 334 805 513 558 577 107 14
80 549 436 499 517 596 681 153 329 811 93 700 498 126 884 261 666 975 789 435 983 646 408 361 354
897 26 34 127 790 739 695 939 45 990 168 165 197 118 152 174 323 331 455 996 963 463 397 621 453
612 834 624 9 334 23 484 456 800 668 116 937 134 113 642 311 492 841 554 268 80 186 659 306 253
152 565 365 613 485 994 735 582 714 794 626 621 431 508 122 842 691 61 129 812 487 534 161 908 40
885 579 379 666 296 53 298 756 582 405 251 717 992 214 469 932 124 353 626 441 193 19 435 534 602
863 183 901 447 216 914 795 355 368 326 92 517 845 77 431 862 903 931 136 97 540 582 695 482 767
800 791 873 379 591 594 113 786 430 738 775 742 42 343 135 440 823 987 149 613 373 753 812 421 962
594 326 61 994 612 10 610 461 775 248 994 870 745 989 860 635 636 50 848 16 446 564 866 874 864
824 676 483 91 491 799 396 834 647 729 836 392 205 933 46 374 537 676 802 475 149 688 421 355 759
382 526 677 31 154 401 983 897 954 685 681 155 770 460 113 552 958 366 571 352 540 894 340 813 215
438 496 640 328 840 789 452 702 868 997 980 451 723 591 959 544 987 246 467 113 557 715 636 430 534
571 232 298 577 601 629 657 763 181 263 104 924 882 300 747 602 450 42 445 413 745 51 469 172 954
586 654 861 336 600 171 302 732 363 764 653 968 733 913 627 838 921 619 349 204 858 798 258 250 278
314 253 289 793 470 467 760 567 798 434 883 138 823 52 507 958 345 292 698 61 62 252 539 709 900
711 624 999 605 425 268 837 985 803 12 280 377 720 621 94 623 735 763 783 166 206 971 560 549 396
467 96 387 868 28 751 778 155 798 353 534 872 220 958 183 546 638 494 500 44 324 851 496 394 939
256 424 123 257 582 597 241 290 627 482 256 989 13 18 634 774 472 761 635 319 695 299 89 863 812
185 764 49 423 336 57 199 716 78 448 940 188 427 685 361 725 660 390 72 594 425 329 213 480 398
142 550 352 537 169 393 940 257 215 27 582 153 950 606 380 141 310 580 854 137 932 932 906 522 20
538 455 78 168 145 678 195 739 479 61 748 674 750 33 687 580 76 998 490 884 979 704 175 808 292
950 30 656 767 926 624 822 485 371 754 308 105 115 828 922 906 163 131 838 997 41 467 833 153 723
128 299 806 660 439 633 534 60 167 809 114 830 899 305 862 593 978 671 63 801 527 81 558 624 555
39 646 486 733 529 587 674 799 332 275 259 19 253 33 141 580 19 847 752 123 663 2 410 737 257
