25 25
859 261 229 123 612 577 447 700 126 134 919 761 759 793 496 793 11 383 320 300 314 243 889 127 926
720 961 472 167 714 850 412 748 538 24 857 293 820 931 614 162 290 369 315 878 885 167 961 334 241
779 862 712 169 36 494 130 365 717 400 935 729 733 336 573 184 557 99 911 577 914 750 300 938 524
193 723 466 950 92 76 748 223 162 287 358 436 786 964 226 723 855 607 298 588 244 8 414 348 76
217 546 889 779 564 794 381 172 617 4 884 119 25 767 571 371 874 995 913 176 894 496 635 892 511
605 848 894 715 647 637 487 101 917 626 831 573 374 430 156 980 496 188 275 603 88 426 889 676 8
813 800 434 556 680 552 693 116 685 647 443 837 285 134 560 271 968 740 206 975 516 761 29 41 48
189 393 28 740 846 701 981 397 852 728 676 635 769 114 68 59 613 443 399 720 297 334 27 648 537
234 945 43 284 434 49 485 184 559 283 703 132 196 944 321 301 312 447 597 405 562 852 173 522 238
618 123 68 146 257 279 545 960 586 866 796 193 686 515 813 135 597 740 680 313 389 266 480 625 828
914 436 254 717 107 747 950 746 938 783 665 703 697 229 494 88 727 623 596 794 598 807 111 984 152
88 344 693 707 46 173 339 66 554 150 525 213 48 435 105 880 887 644 80 731 168 332 273 179 641
435 75 968 119 557 254 139 862 780 868 370 41 161 7 993 679 192 366 465 689 385 219 34 792 777
284 450 860 863 47 220 681 631 472 468 461 657 479 17 266 943 833 222 980 8 928 305 223 388 304
433 325 564 189 353 133 303 172 708 211 444 47 951 860 435 968 41 613 701 877 86 970 287 811 738
640 500 816 979 850 476 613 145 525 481 102 832 403 397 462 699 614 532 470 233 42 898 912 77 836
410 689 280 332 251 316 435 661 453 225 301 258 727 838 650 303 308 345 866 68 706 21 215 876 385
947 610 388 523 475 217 624 866 897 751 171 618 446 57 286 622 482 862 632 216 805 808 943 632 134
823 960 18 982 887 40 506 756 710 763 924 506 742 355 912 19 730 492 896 373 221 476 219 945 341
250 134 823 129 390 621 995 305 865 357 465 84 843 487 710 388 835 619 728 52 999 331 669 312 457
82 494 463 961 502 408 351 659 723 624 333 617 715 258 541 796 116 709 958 303 596 383 144 727 132
758 372 424 627 370 276 778 343 120 400 906 152 418 55 659 601 593 888 12 428 868 176 49 964 809
729 538 292 922 547 612 404 469 911 999 901 511 763 220 316 308 500 416 505 280 468 288 825 252 778
751 455 571 956 917 285 951 642 260 308 290 566 330 922 791 798 138 427 342 856 75 16 782 756 677
897 288 142 91 152 430 41 926 481 320 350 696 560 438 59 574 658 786 1 570 129 356 579 967 374
25 25
136 543 486 345 789 994 59 217 846 401 459 123 301 447 38 150 421 179 501 509 698 30 998 725 337
10 800 617 159 7 566 410 650 891 249 178 597 154 558 192 599 912 308 238 540 648 514 310 81 518
391 711 85 577 991 83 460 169 254 550 169 817 248 814 309 268 579 527 469 250 580 667 837 996 82
223 156 219 896 841 959 898 466 768 68 964 281 301 808 491 9 78 596 786 403 32 960 449 742 604
606 768 390 177 988 714 669 227 94 203 381 485 666 392 846 601 9 787 589 32 92 884 549 394 989
182 939 944 720 645 475 979 24 941 767 158 956 907 578 182 305 761 872 562 686 397 576 504 70 445
251 102 446 611 892 22 718 115 868 918 886 796 920 208 268 333 189 225 473 862 666 874 817 493 19
16 979 627 901 606 241 204 135 731 446 454 648 595 494 991 520 986 556 262 738 926 958 610 139 864
258 76 533 31 37 827 460 706 615 388 28 216 886 150 508 444 30 634 584 685 216 378 7 760 240
359 707 480 536 630 371 217 324 989 388 850 17 88 912 253 383 319 853 508 87 598 314 392 918 511
978 600 354 214 693 402 621 396 972 862 630 352 58 697 157 860 306 704 689 731 911 951 15 613 615
416 152 567 270 822 854 800 283 372 285 539 574 939 276 48 266 512 901 904 516 632 766 513 288 922
826 642 180 691 141 515 556 70 269 610 924 361 468 181 874 820 696 214 468 222 162 817 488 809 108
541 319 352 408 789 999 707 548 868 866 185 640 339 850 165 4 73 518 417 763 81 189 43 127 836
183 119 358 990 456 28 754 232 820 285 166 717 784 471 840 191 487 695 79 116 192 313 140 315 895
335 96 935 642 43 321 113 778 603 790 786 703 481 585 174 793 452 100 618 540 207 916 625 401 183
627 825 241 303 859 744 164 184 774 842 213 832 712 291 587 658 744 525 759 667 416 845 432 829 668
108 43 445 840 657 414 10 10 210 709 779 318 432 242 488 515 21 153 788 404 613 483 496 424 658
832 882 546 157 353 184 186 491 843 191 156 158 936 885 209 105 57 895 954 493 365 950 355 261 824
90 908 826 437 987 571 770 851 785 463 154 287 478 60 231 317 214 323 127 323 432 401 998 339 977
479 516 924 83 456 794 53 804 950 9 558 486 348 634 1 62 616 130 662 335 27 596 161 449 691
797 241 134 608 384 5 291 627 19 229 110 54 199 648 980 672 628 243 624 383 261 927 557 715 5
317 851 67 668 229 5 870 991 598 439 112 878 358 209 701 198 6 583 314 98 564 0 229 817 779
254 721 148 605 706 404 515 334 411 687 360 79 390 330 185 973 42 90 791 145 74 744 808 438 229
71 156 542 354 365 393 529 303 720 111 736 286 549 587 14 783 260 134 893 674 532 953 865 382 212
