50 50
834 899 717 963 93 958 124 455 940 442 862 345 338 498 599 621 860 870 347 805 274 657 373 354 124 204 41 522 713 177 18 987 730 497 609 87 921 682 193 914 408 904 845 359 827 877 506 222 628 758
773 68 241 118 974 940 74 565 683 809 61 339 21 184 416 420 452 791 560 518 9 609 138 327 898 496 391 364 234 675 594 398 386 605 155 93 655 703 244 229 522 8 514 850 69 578 253 327 145 401
334 698 263 20 770 608 670 11 11 425 209 628 89 385 275 359 927 170 575 659 549 490 75 703 857 859 21 893 64 877 799 708 3 900 817 291 278 189 147 64 530 173 477 553 48 341 369 35 741 76
191 673 548 935 74 47 573 772 718 614 182 964 135 484 434 770 273 231 958 180 905 443 270 800 706 805 781 805 521 883 596 990 951 778 356 700 84 137 610 426 718 469 966 641 534 998 777 194 515 283
465 408 709 971 257 562 174 353 958 532 301 964 44 832 890 265 464 53 271 203 732 667 411 97 286 922 141 37 685 119 666 538 425 907 427 105 800 880 320 503 687 433 625 316 995 826 55 74 601 698
363 5 433 900 495 738 71 237 548 410 687 447 107 584 641 680 592 907 551 544 201 383 175 228 108 47 185 237 520 895 137 825 83 192 20 659 391 845 916 339 96 990 133 109 708 634 481 489 92 28
819 511 81 824 953 598 883 620 439 194 482 637 904 794 120 398 863 686 448 20 401 290 938 874 346 32 122 260 101 577 581 455 186 302 735 605 115 149 190 997 124 873 387 424 630 166 74 59 332 533
120 499 178 761 857 397 331 612 586 845 424 752 924 486 572 698 818 383 784 752 969 777 683 76 279 449 222 648 864 758 810 41 937 74 55 487 336 907 861 288 274 389 372 506 48 464 75 840 974 403
273 728 125 430 546 592 637 517 789 958 870 721 792 157 360 634 646 516 110 492 732 610 149 659 300 555 936 956 895 777 797 295 168 648 296 816 858 603 55 297 850 727 866 918 191 8 445 983 205 227
217 206 195 853 241 448 460 490 698 582 666 664 857 441 61 967 566 554 287 563 12 980 330 976 821 74 294 671 719 570 360 338 591 43 243 480 712 759 713 235 198 286 395 956 463 15 948 693 21 257
222 108 852 618 173 709 680 512 416 625 0 439 891 552 742 935 279 872 546 289 384 164 749 134 330 62 899 634 410 576 234 288 643 901 10 506 639 714 197 593 24 904 11 697 411 611 446 983 542 130
416 186 661 707 330 66 277 297 100 226 777 948 279 330 190 395 521 179 98 340 427 1 244 893 286 104 242 723 554 278 71 446 184 531 295 965 336 445 580 846 506 20 870 508 851 17 899 58 207 691
293 752 831 170 356 544 964 574 649 169 52 302 789 957 1 56 823 947 39 706 178 546 315 932 392 915 285 634 185 110 739 352 736 599 789 71 206 853 547 885 894 105 908 81 380 644 767 395 725 372
378 857 64 369 978 915 991 552 573 212 190 245 720 423 992 583 823 428 549 391 522 715 435 465 60 879 47 541 792 948 48 945 291 223 623 614 463 464 691 783 928 578 775 51 758 61 17 679 904 988
604 193 803 958 385 906 837 344 651 95 7 629 357 91 902 893 431 149 513 644 165 137 292 524 870 253 278 786 784 733 452 251 697 734 937 415 823 6 380 863 177 389 447 369 876 919 622 722 906 136
391 596 864 720 391 592 348 256 109 283 17 757 514 839 373 260 141 653 920 783 18 932 508 970 968 943 221 160 789 358 447 561 893 98 713 396 92 349 132 402 116 173 379 119 685 476 207 52 638 971
855 301 185 797 352 286 661 63 327 499 486 654 333 534 667 897 875 612 8 367 892 78 757 51 920 423 335 181 434 176 989 975 187 684 524 171 156 130 622 887 874 268 31 169 937 814 479 351 469 165
134 426 529 88 118 843 684 161 489 859 972 623 911 561 784 891 458 281 765 639 710 703 591 992 588 753 228 840 717 455 310 437 809 255 529 992 984 316 408 531 206 553 736 938 752 880 707 866 456 133
241 775 57 542 276 328 690 284 20 21 325 843 983 553 398 244 471 680 656 914 129 401 209 128 889 235 758 95 404 137 798 52 398 113 610 911 699 840 750 404 338 608 384 641 621 366 365 861 361 864
576 675 631 298 308 394 715 63 222 732 348 556 270 131 171 283 42 800 3 294 917 771 682 432 760 870 832 174 57 974 182 540 834 130 455 304 264 151 746 173 62 691 194 875 348 675 340 233 408 583
590 675 417 546 519 942 192 479 472 409 136 21 87 521 681 624 228 82 194 590 437 343 517 170 175 624 437 648 577 429 19 392 157 865 164 558 438 136 437 494 442 127 233 668 91 268 491 542 612 75
913 980 575 510 213 510 925 745 154 10 977 962 378 749 366 932 262 500 653 253 139 178 38 31 248 470 204 939 129 793 328 293 370 854 808 763 274 54 737 613 701 761 720 111 215 62 375 514 870 700
485 773 227 96 137 770 561 659 391 930 268 68 697 556 506 222 50 643 303 791 990 275 211 72 414 347 293 393 640 806 230 837 527 106 267 103 618 760 774 335 356 432 136 251 961 656 858 956 296 816
229 797 934 30 933 348 58 535 475 516 430 716 995 884 246 776 737 993 155 877 151 420 444 357 685 607 966 818 853 597 268 722 544 650 809 182 372 542 795 356 438 445 222 149 209 205 397 348 791 527
713 689 994 747 564 115 539 113 135 681 666 580 601 333 161 648 614 447 518 0 518 938 80 952 843 881 13 256 876 421 614 681 313 429 679 399 541 990 863 421 665 350 217 417 257 74 735 988 18 601
400 904 386 81 187 657 295 963 79 990 509 438 941 722 385 303 403 209 150 65 114 123 786 690 338 347 446 203 605 715 753 123 932 580 859 963 250 369 753 944 432 712 524 684 683 103 556 867 337 239
661 680 515 776 531 131 42 49 151 764 618 190 614 3 643 78 853 725 459 387 444 545 35 591 668 216 150 722 325 700 129 209 815 593 935 831 613 283 698 148 60 372 985 604 366 121 887 512 517 518
80 5 511 959 127 580 526 83 311 657 155 153 1 253 868 578 608 382 546 294 984 552 736 345 283 915 217 363 875 71 24 477 268 822 190 217 902 120 277 281 486 758 706 962 506 684 235 329 869 65
560 769 330 736 363 88 704 102 499 836 440 12 419 598 724 820 916 579 757 281 19 824 185 155 503 172 266 592 95 571 380 655 379 215 902 330 801 630 308 698 669 379 488 539 517 682 75 112 227 980
741 726 424 140 833 371 211 316 578 927 876 42 40 648 685 942 485 848 924 522 405 99 254 106 94 672 375 462 943 234 219 243 534 871 408 563 846 955 200 415 781 964 825 318 861 312 438 988 110 622
2 37 65 481 173 103 564 488 644 209 127 192 266 550 207 514 74 475 352 648 763 997 734 213 64 551 695 449 129 934 933 243 340 655 831 990 523 313 497 512 158 521 585 114 995 70 399 242 909 939
872 300 120 981 51 243 764 798 826 525 273 552 461 732 778 263 589 404 547 412 834 350 563 383 3 919 339 321 217 142 419 944 419 51 741 571 466 510 649 808 515 412 913 752 451 673 676 329 931 221
303 944 840 171 893 327 661 244 285 684 824 933 639 351 763 822 272 526 704 727 140 454 18 495 634 923 278 389 64 334 791 886 46 728 955 461 746 569 988 265 598 686 218 783 900 418 222 512 667 992
160 740 315 352 214 948 852 168 516 114 464 924 534 153 415 396 6 39 353 238 616 65 592 958 360 399 426 22 180 759 315 79 410 43 801 739 524 229 879 104 723 54 28 490 534 789 978 453 936 274
394 679 746 277 700 221 487 61 144 96 940 834 352 964 921 761 467 457 310 65 469 67 66 15 248 878 22 360 365 804 542 439 603 244 390 492 610 447 853 985 114 957 60 704 976 838 88 971 836 317
950 557 518 915 370 786 808 397 762 423 168 308 585 317 607 861 787 404 512 475 833 931 453 638 244 118 943 800 437 714 26 952 722 487 184 507 591 463 835 20 558 397 343 969 287 896 208 988 341 875
579 68 605 765 762 329 158 340 129 762 764 512 503 212 916 819 374 873 604 269 772 198 765 348 977 326 650 243 437 406 406 239 677 96 386 970 166 275 452 217 400 826 385 880 33 621 702 946 917 294
955 300 566 113 59 777 327 276 151 644 167 525 360 342 323 108 676 496 173 790 24 101 240 999 991 77 149 777 879 848 835 356 757 246 418 87 973 978 159 574 484 843 933 66 769 247 845 794 186 248
342 862 668 691 61 91 348 128 224 869 872 58 312 9 943 909 317 23 404 182 407 851 551 685 157 654 551 302 775 388 79 985 922 19 486 920 466 19 667 549 629 629 586 790 106 191 157 462 993 536
808 561 334 457 915 808 399 294 31 387 643 807 394 38 382 930 201 857 872 306 778 719 571 179 289 603 145 558 314 175 397 269 931 178 432 837 196 681 733 788 871 630 928 351 356 850 815 727 364 621
320 493 783 794 956 768 412 507 555 570 721 732 514 125 425 109 594 110 739 836 278 397 263 866 274 426 52 309 834 528 839 763 398 421 614 63 95 333 64 398 914 789 300 474 159 866 861 115 729 677
339 956 850 400 432 967 648 999 766 703 422 457 707 10 470 332 268 712 780 884 12 641 775 56 948 250 393 672 417 811 9 732 7 166 323 498 762 744 329 376 565 227 496 280 481 573 652 426 50 828
137 451 788 372 313 250 857 923 830 923 830 280 725 435 480 548 637 215 50 477 358 410 787 194 399 519 942 639 780 669 223 804 813 902 298 669 31 337 14 938 879 185 548 388 780 202 347 551 411 432
487 735 920 170 790 537 256 65 445 153 201 987 106 328 59 733 821 476 966 127 758 141 393 512 645 211 580 636 713 824 631 595 947 890 947 809 837 350 372 353 931 526 7 795 631 813 424 837 917 298
438 917 274 993 332 152 747 874 765 985 601 498 889 960 692 371 92 23 106 445 46 769 786 964 357 356 896 686 437 764 679 839 742 39 740 553 531 425 49 569 791 535 45 477 919 666 620 237 171 362
316 321 648 397 61 206 795 378 74 30 948 951 419 77 891 841 631 944 983 759 8 853 277 318 206 832 152 105 927 61 227 666 506 449 909 79 444 209 453 450 411 259 679 95 296 423 255 609 643 875
567 681 114 79 156 698 225 25 250 951 745 850 556 603 861 216 83 378 414 270 484 541 73 6 227 46 770 130 730 188 878 727 124 511 930 351 693 985 999 951 602 230 389 195 348 524 682 390 675 669
218 618 205 53 706 787 252 865 321 396 172 623 646 433 24 201 985 932 464 150 438 9 825 257 542 342 864 810 684 48 945 353 776 583 971 455 674 555 842 112 139 634 851 80 369 403 223 245 894 336
905 905 73 296 220 536 937 250 609 485 340 631 373 74 45 816 909 364 561 699 23 411 205 849 803 402 743 772 878 783 566 287 112 429 38 92 291 863 200 75 541 335 692 51 450 649 849 966 30 1
271 158 744 301 944 913 894 497 160 500 126 520 535 609 826 940 900 496 842 689 999 198 280 671 963 846 905 449 28 703 749 560 727 222 951 582 743 886 482 744 14 451 848 258 17 225 618 699 516 182
50 50
376 538 486 736 254 589 73 52 107 163 23 368 470 434 337 426 894 978 513 997 889 248 568 84 960 969 751 88 558 220 862 435 219 239 640 968 98 335 246 612 878 252 816 532 262 714 695 436 933 27
293 431 932 648 170 273 245 860 250 983 848 633 698 464 44 805 474 870 970 781 85 88 564 471 866 922 548 678 127 397 474 687 761 175 180 169 488 453 893 350 473 278 921 990 316 348 781 879 946 264
760 772 996 321 846 707 581 115 617 844 507 447 623 164 479 384 837 837 966 109 955 846 113 828 607 269 827 350 636 975 292 143 899 989 404 836 565 159 571 367 446 612 443 363 865 808 808 906 420 17
168 94 711 328 442 210 731 613 904 544 590 784 365 637 543 295 530 341 918 864 500 942 346 624 283 58 532 394 36 159 649 266 871 743 625 721 2 388 97 650 792 81 783 961 67 109 493 903 189 174
537 148 912 402 6 352 27 682 301 635 166 30 23 208 459 987 574 465 774 149 720 563 267 769 46 3 307 130 76 550 308 571 889 916 29 581 530 645 359 516 576 951 208 359 91 395 623 668 118 566
834 572 742 896 756 802 918 319 492 51 212 819 452 160 917 569 760 834 47 551 753 649 336 584 165 362 912 677 561 782 724 694 486 90 48 41 627 515 183 739 654 157 498 673 623 587 411 33 540 167
805 242 962 797 355 531 310 981 69 501 631 854 173 543 294 761 843 645 157 830 949 347 972 731 193 169 10 838 520 942 568 22 963 808 673 119 30 246 662 128 477 731 260 799 670 575 36 525 910 789
899 752 165 596 881 616 416 272 136 243 456 856 514 360 110 162 74 79 188 549 105 558 295 399 525 217 314 898 761 484 730 976 406 230 479 93 457 917 994 759 851 711 609 642 525 70 648 658 145 797
48 593 84 937 77 3 621 552 335 190 782 164 727 906 677 102 553 277 870 442 704 418 906 729 526 705 512 494 996 887 85 779 180 922 815 761 818 226 210 721 213 527 482 564 868 907 250 155 757 531
543 499 795 10 661 192 118 396 847 95 522 728 277 574 814 964 810 670 539 758 492 357 263 169 838 593 259 627 212 547 843 349 686 451 965 418 744 622 190 698 237 820 832 739 540 669 703 987 612 22
176 620 543 772 435 843 617 557 566 342 721 357 659 524 360 942 96 186 38 801 374 808 182 446 901 487 57 825 791 348 234 313 291 319 710 979 502 143 957 944 38 576 80 136 988 924 338 846 99 78
613 238 648 252 153 737 971 337 287 87 40 886 870 597 254 242 967 62 376 101 439 662 72 739 703 751 584 643 784 501 336 691 328 87 352 65 874 165 863 310 289 534 689 769 592 289 579 689 457 22
419 997 796 732 884 154 496 462 287 911 815 156 956 246 383 89 888 586 946 895 474 850 588 26 504 1 927 879 235 902 912 154 557 495 921 361 233 236 543 351 410 723 40 1 559 647 583 146 716 464
717 852 508 679 871 940 69 28 177 432 854 275 989 624 245 525 165 585 831 381 919 791 783 269 728 972 832 198 828 739 187 733 237 884 440 717 36 883 342 489 339 115 652 25 58 360 658 566 106 154
103 886 277 339 164 472 813 694 231 877 420 246 173 450 781 278 709 115 991 391 482 626 277 599 718 372 506 958 314 93 921 869 93 852 309 142 555 422 66 934 565 919 13 93 249 664 8 23 616 540
78 231 404 891 770 854 338 427 84 528 699 121 439 432 726 184 245 68 25 243 231 975 162 724 303 494 971 605 559 624 880 867 119 195 619 991 291 656 641 123 874 427 803 673 974 813 36 114 750 915
506 433 436 781 881 133 365 489 247 971 719 169 290 102 9 408 38 138 234 407 308 115 195 821 543 779 193 647 628 984 227 655 850 333 178 178 608 107 937 356 139 75 960 464 60 892 934 528 779 295
234 148 954 304 819 264 403 770 663 959 259 381 882 891 144 723 463 848 256 521 665 688 886 40 391 988 505 911 514 744 356 760 657 635 553 486 379 407 859 907 418 779 803 652 486 131 934 218 297 333
909 843 237 632 200 956 711 731 928 813 417 875 865 730 594 575 647 702 479 301 764 997 365 473 480 390 707 54 367 411 468 183 602 968 382 275 864 771 838 734 433 890 238 428 231 599 55 492 609 82
204 773 837 786 431 937 839 804 844 277 417 771 68 239 644 120 525 611 419 75 499 24 663 703 853 909 59 801 981 553 788 464 507 624 354 296 948 755 656 426 440 769 625 362 194 774 796 209 45 311
853 346 172 679 475 99 486 180 848 466 955 725 424 561 401 687 628 595 61 371 373 615 37 682 390 105 180 231 981 927 871 852 336 691 232 47 462 414 403 276 457 825 149 166 680 37 586 106 38 987
328 948 237 414 952 282 430 97 685 54 100 915 142 411 814 452 777 429 238 188 448 777 569 69 374 274 448 380 673 503 508 560 226 510 445 678 624 906 524 386 258 685 405 141 845 419 251 217 827 481
59 93 234 889 455 964 702 379 413 807 417 874 387 630 537 294 539 501 63 737 487 574 441 12 741 849 747 289 553 662 738 554 619 202 86 408 738 910 381 789 465 865 75 164 455 946 578 265 678 157
255 684 443 773 857 816 573 202 409 919 171 432 335 633 931 601 155 562 314 877 650 443 209 536 532 555 24 287 412 578 938 857 355 490 500 728 884 491 840 192 120 641 731 784 244 177 667 39 710 841
844 712 464 713 463 339 631 825 881 54 136 922 734 674 725 348 705 22 681 178 466 518 430 181 69 781 828 888 990 671 155 364 885 529 728 578 823 41 216 187 419 917 793 169 433 639 207 449 55 880
301 496 899 353 302 606 381 170 148 39 458 758 51 751 903 178 252 128 479 614 38 116 644 460 269 724 704 691 514 189 73 579 94 774 891 37 791 771 570 43 630 178 631 418 271 961 403 229 625 870
476 145 740 121 547 694 258 940 246 317 808 785 317 788 87 759 14 75 303 232 208 669 681 2 911 504 546 866 410 841 43 510 731 660 436 518 302 692 422 54 759 819 377 156 55 413 869 200 209 866
695 938 723 923 19 664 886 546 48 357 42 765 924 105 86 697 32 174 282 987 389 117 385 742 389 376 409 867 141 365 119 241 225 872 329 339 429 321 446 518 581 980 916 27 136 947 779 617 479 741
769 651 574 40 490 145 595 38 380 293 48 551 34 588 881 378 718 328 831 520 273 305 878 398 92 80 221 220 192 363 832 971 513 921 610 620 554 387 595 769 806 255 90 58 762 865 121 656 577 706
609 655 1 61 783 604 703 235 830 57 600 810 469 388 923 529 598 952 518 470 699 849 747 848 851 797 909 647 873 568 842 560 221 631 539 22 201 353 736 958 553 793 894 608 619 54 653 854 19 223
387 457 536 201 600 151 166 959 997 709 692 598 703 93 451 220 820 101 720 633 13 23 990 971 676 51 654 323 58 81 18 979 800 714 666 824 917 894 703 48 462 871 862 544 329 939 881 397 509 390
590 995 473 121 49 560 550 735 92 93 842 304 200 154 919 39 13 713 319 926 623 547 34 774 264 371 485 651 114 568 355 969 285 213 802 928 818 292 157 271 206 382 787 97 201 267 298 44 545 115
821 545 452 698 52 300 116 636 146 556 231 490 359 599 177 100 28 866 759 449 819 493 677 103 6 921 326 0 533 354 474 313 823 681 641 445 212 60 491 92 588 312 124 40 995 662 252 636 332 333
800 794 627 677 499 347 918 280 241 781 254 750 625 553 815 120 275 328 753 561 504 501 706 752 99 666 610 744 563 840 616 557 245 358 689 593 789 28 907 525 43 22 441 354 982 956 908 277 278 440
832 341 430 916 82 762 68 993 674 654 775 12 751 496 969 950 208 965 178 515 81 885 862 649 326 49 741 141 129 677 165 33 815 483 187 219 623 955 193 655 469 987 421 375 821 676 282 814 460 543
680 65 798 222 26 613 697 458 520 773 255 93 198 298 257 300 89 40 581 694 551 711 491 760 665 468 154 274 276 406 339 851 235 300 463 590 329 599 679 391 411 947 59 717 376 514 690 148 953 923
426 308 523 914 206 788 167 406 414 957 945 636 210 763 239 768 989 252 945 240 465 316 311 476 961 24 264 641 29 670 371 79 92 854 705 654 167 666 114 584 144 430 939 419 148 501 278 884 48 316
696 62 739 956 631 322 60 963 238 592 694 472 739 138 405 869 417 679 286 731 155 646 328 7 423 413 211 280 283 492 621 134 594 573 585 609 45 932 935 757 671 114 763 865 722 183 674 334 929 989
384 163 890 396 579 333 945 270 588 920 840 641 799 363 293 186 712 585 806 303 67 480 274 392 434 300 243 477 978 788 407 327 891 167 165 317 933 118 597 879 305 40 619 537 750 893 487 926 832 820
902 624 63 262 669 880 619 503 73 539 678 28 632 664 161 532 252 944 689 19 504 992 756 493 441 372 959 523 882 171 694 896 18 148 430 969 444 115 482 82 370 258 358 949 790 984 376 489 134 978
151 687 222 691 409 528 895 53 434 511 798 725 261 19 790 872 139 955 841 764 824 7 819 232 938 905 417 166 829 845 201 878 730 748 576 445 941 873 458 65 224 762 693 112 179 966 256 236 540 938
320 336 140 690 661 250 971 419 440 505 889 734 692 567 24 449 235 958 483 745 384 903 436 171 982 382 161 923 746 773 792 21 654 723 895 834 461 713 932 413 503 574 316 875 385 848 547 906 990 466
929 882 715 401 674 975 531 765 308 905 169 383 438 667 767 537 200 129 650 377 435 436 252 408 27 683 811 105 372 815 569 750 994 738 805 656 612 706 712 319 108 946 776 593 362 362 123 139 288 557
741 625 654 594 502 707 779 105 887 24 184 830 870 940 808 874 923 604 417 435 122 512 238 732 190 256 730 249 578 963 771 683 569 546 119 903 389 712 597 747 984 90 346 740 256 630 790 578 903 247
139 195 824 567 317 842 896 664 845 431 793 408 442 469 386 569 963 571 190 191 572 613 599 612 601 825 904 888 474 977 758 515 10 404 158 239 918 823 353 778 925 930 883 412 205 922 284 185 877 538
980 882 768 627 211 353 104 786 150 541 608 710 870 357 534 696 345 722 768 703 171 635 258 726 482 87 992 22 602 913 582 294 376 700 11 79 942 996 861 663 947 709 711 1 953 174 13 444 685 681
384 455 687 591 382 452 67 959 682 63 628 76 191 688 852 794 708 988 918 267 519 213 97 646 701 178 114 116 790 780 571 710 143 475 671 78 269 230 836 89 794 594 975 692 20 687 53 361 11 111
691 960 454 693 104 629 823 814 901 961 730 523 171 221 521 266 900 471 752 19 526 858 729 123 533 551 126 397 247 66 815 894 409 933 943 337 613 800 494 11 688 384 703 410 633 419 462 117 196 53
941 892 873 37 655 207 44 164 965 233 575 423 671 176 415 412 816 150 81 614 639 186 684 280 228 27 181 156 811 292 52 115 688 625 220 170 793 242 188 216 251 644 247 777 757 712 115 545 895 329
116 927 837 96 791 223 701 927 502 182 138 550 806 276 115 412 78 19 793 471 592 322 452 394 67 368 408 474 978 748 782 991 355 923 117 140 357 960 366 958 988 849 87 688 150 895 347 817 980 105
