50 50
695 466 290 627 704 725 891 101 367 540 437 741 186 109 59 33 865 599 269 586 929 957 236 336 176 401 756 501 797 763 949 69 61 431 862 887 658 916 141 548 995 518 630 473 660 51 182 389 924 693
892 502 685 683 860 869 767 540 454 44 514 40 420 791 877 505 617 31 248 309 184 846 223 461 615 204 733 206 337 332 100 941 80 323 850 43 836 803 504 130 172 664 524 644 711 36 296 395 395 595
760 716 528 331 620 520 84 472 964 989 440 550 114 268 35 369 987 734 994 542 970 973 289 410 712 100 721 672 555 93 671 989 318 176 405 190 664 838 343 59 799 449 362 361 567 780 119 952 303 537
923 535 59 633 825 595 74 254 936 494 546 783 401 709 867 311 100 100 248 191 4 945 943 841 74 987 777 419 818 348 931 962 83 472 246 96 548 717 429 506 683 360 551 394 363 782 470 820 771 385
898 37 626 720 271 185 300 209 404 27 729 469 839 924 43 860 903 315 196 115 69 243 153 740 285 881 614 158 12 944 576 949 16 64 652 211 124 5 624 255 714 255 974 825 960 161 408 270 739 976
816 121 715 965 167 373 707 433 720 505 305 307 673 209 204 649 408 732 197 130 122 777 388 809 198 347 356 193 380 673 511 528 34 891 310 323 279 892 675 617 738 418 614 692 436 822 18 799 973 859
169 464 684 592 353 380 569 245 665 905 566 448 388 326 692 955 178 101 363 658 596 276 609 470 471 498 143 741 844 315 124 7 190 271 587 556 499 996 541 938 683 739 161 105 45 380 752 235 885 701
720 683 216 764 732 312 449 111 581 985 28 80 395 827 569 990 895 118 854 76 605 147 706 227 560 608 546 888 396 674 136 269 157 34 282 780 528 347 46 294 375 707 312 811 514 435 739 710 550 63
591 573 723 722 882 281 85 889 472 884 953 516 783 718 605 394 83 194 811 384 746 165 366 103 703 816 531 990 258 654 595 877 235 568 356 996 751 806 96 427 511 16 425 618 43 924 387 142 255 169
608 223 961 411 600 472 190 939 504 973 885 38 436 916 189 345 533 598 706 952 797 414 950 912 736 954 868 336 87 628 962 609 760 812 826 314 240 21 22 435 11 255 821 301 240 562 275 265 415 121
237 736 225 23 874 237 606 559 529 387 651 810 863 264 319 267 596 581 973 424 900 756 712 666 104 977 406 807 595 317 251 758 317 512 239 856 89 566 347 206 80 935 801 550 211 630 760 290 12 743
893 635 512 98 725 464 815 149 327 914 172 665 255 628 622 812 578 601 794 203 517 144 255 265 713 123 369 820 59 606 2 681 410 930 87 405 531 946 443 780 504 848 479 909 285 735 642 713 56 528
166 517 279 2 283 493 85 566 186 180 654 757 207 916 669 923 637 415 514 914 823 579 998 607 602 950 854 924 796 395 599 119 917 194 448 999 74 78 274 819 871 916 675 976 362 691 250 921 177 452
615 689 909 957 329 578 267 168 947 238 295 924 85 506 500 603 414 694 90 330 590 611 251 668 607 401 881 708 204 393 352 190 905 429 112 179 635 98 364 41 618 705 78 633 747 253 178 182 428 832
504 757 501 781 809 330 573 531 277 629 365 855 428 385 903 815 827 287 4 241 473 7 32 682 773 440 219 307 67 232 32 634 465 931 885 268 67 318 896 500 959 734 510 122 962 112 684 607 242 967
9 301 427 784 110 960 160 776 214 836 766 540 147 526 802 88 128 525 686 840 769 986 254 633 564 135 546 460 66 378 626 174 590 463 227 718 371 666 603 413 627 899 223 398 176 578 981 64 685 112
691 628 165 486 644 229 918 115 859 279 38 652 63 244 604 425 722 240 500 324 718 57 905 748 323 854 526 306 560 430 247 800 710 745 189 9 262 35 705 24 667 278 345 994 408 939 533 118 38 959
409 907 847 20 936 392 409 104 212 289 235 172 626 648 768 682 13 933 703 380 655 740 860 828 757 162 542 307 417 101 583 56 965 127 751 397 629 258 298 68 272 69 188 12 482 382 857 679 161 141
849 636 970 548 443 91 473 624 393 208 430 850 417 995 140 999 69 756 642 715 327 985 503 25 952 558 943 632 48 50 822 456 953 93 88 47 796 166 645 987 131 677 907 214 714 604 673 130 388 602
88 258 387 870 551 950 988 426 957 294 877 871 107 243 952 699 808 984 860 368 899 98 297 621 266 643 859 363 94 932 673 940 16 166 394 436 626 586 999 878 730 605 677 828 36 49 697 747 730 411
333 972 604 19 933 373 614 817 730 778 299 42 762 207 623 659 150 869 580 74 214 684 368 708 554 735 94 815 238 109 759 812 751 276 25 663 468 544 122 253 221 302 328 212 969 504 384 492 886 63
523 52 954 744 222 906 997 554 503 971 888 777 706 530 748 318 457 776 656 73 561 956 96 124 295 727 971 108 431 314 608 43 416 618 466 737 951 290 924 801 961 652 380 276 2 83 137 214 46 299
545 63 529 127 456 562 266 991 674 793 783 198 671 840 576 402 713 984 750 126 671 768 700 230 478 770 181 826 726 568 441 605 236 433 647 138 119 72 141 796 793 154 990 299 283 626 329 629 981 184
287 756 276 914 748 536 492 608 721 952 209 976 213 154 509 728 524 598 565 859 396 316 260 568 642 318 584 559 10 771 766 303 949 830 960 971 932 953 48 547 114 482 111 568 846 997 244 279 569 570
555 975 308 104 918 23 248 400 753 565 431 283 597 216 215 709 912 331 866 919 41 179 586 888 837 90 286 593 13 778 930 557 269 241 928 277 874 354 742 657 847 954 950 434 452 926 967 346 389 215
235 751 544 307 820 687 20 996 699 22 851 155 255 193 303 646 446 708 457 374 794 295 579 75 551 285 945 754 164 671 224 582 61 87 963 180 765 887 938 328 373 531 564 926 986 945 290 930 813 103
738 309 58 644 433 740 21 99 234 406 436 103 466 506 557 557 938 363 335 293 639 701 282 613 121 61 217 506 670 775 41 811 870 697 976 43 242 601 498 909 30 149 394 58 693 339 967 766 432 853
752 730 961 559 82 578 318 710 651 390 73 905 413 193 194 586 296 769 837 790 138 211 403 613 847 672 18 209 853 860 765 729 796 800 324 873 430 296 166 586 691 791 465 614 492 489 119 557 835 495
97 985 352 724 160 726 512 217 912 863 735 268 520 407 41 268 798 739 619 369 37 352 855 133 197 403 414 786 859 886 816 347 120 341 13 751 70 951 1 543 796 191 273 784 758 328 538 821 116 92
129 114 641 369 56 201 426 553 195 512 213 305 836 56 414 445 211 107 414 353 839 720 775 601 832 627 935 159 633 309 440 912 165 535 38 762 127 374 925 96 36 405 567 86 301 497 726 552 433 470
153 433 719 676 10 136 924 235 55 306 11 307 353 240 314 883 443 626 157 838 547 349 827 733 601 861 504 542 303 542 672 510 248 391 846 237 986 949 590 80 429 137 552 43 526 598 748 753 126 398
632 465 308 475 568 336 776 708 342 262 242 934 522 750 78 879 580 648 576 47 786 214 102 983 444 620 452 984 143 413 50 238 533 634 938 403 573 638 220 366 72 950 116 821 375 757 483 772 943 306
815 251 841 225 588 823 477 381 203 255 831 119 276 196 894 222 298 210 95 659 872 593 78 980 172 838 592 651 725 520 115 38 64 290 806 860 275 760 779 758 137 434 77 713 374 246 834 754 408 712
908 732 769 296 399 266 866 229 877 867 567 906 145 557 968 56 453 538 864 948 859 637 643 197 898 112 67 728 263 700 738 976 79 833 829 980 563 774 132 151 558 829 800 776 79 285 349 468 818 818
820 427 94 603 76 391 346 872 843 898 273 716 986 902 42 469 690 825 506 616 575 783 78 246 727 232 606 379 465 335 773 953 622 853 645 119 680 562 199 484 637 484 675 231 876 89 444 919 732 395
319 639 645 599 620 432 329 606 391 986 107 215 914 344 184 863 847 169 206 88 38 748 323 801 719 94 303 46 553 602 928 251 1 198 84 431 754 980 437 355 691 249 890 145 224 459 300 534 419 421
894 724 548 472 283 377 547 554 813 809 629 874 990 539 276 417 669 942 874 558 10 460 750 641 314 698 143 632 903 604 667 210 264 809 708 349 955 640 766 525 416 24 784 337 596 843 754 621 476 916
238 567 499 802 26 785 244 740 146 869 676 562 627 160 410 270 325 900 822 294 365 65 477 247 81 741 886 872 755 386 591 832 76 681 804 702 164 531 7 169 287 404 89 464 90 569 202 177 106 138
798 100 468 704 355 119 33 557 215 431 811 297 954 102 420 32 813 654 652 895 851 878 427 274 616 480 230 776 621 790 273 543 952 377 167 899 784 713 6 529 431 220 751 81 159 77 758 696 969 521
784 131 74 549 322 725 551 992 448 153 671 550 189 719 115 461 133 21 905 887 266 600 119 164 455 85 136 936 489 757 264 442 879 903 452 275 281 905 830 505 579 590 156 751 869 8 423 973 348 947
892 926 934 126 603 703 779 969 980 905 74 280 704 322 892 138 185 791 40 27 376 151 283 658 19 8 364 905 515 672 509 776 153 148 344 536 790 808 613 805 844 804 614 354 149 81 325 982 166 871
117 593 907 674 819 41 808 471 664 70 935 674 562 407 70 152 804 836 371 362 650 907 860 319 775 199 466 297 178 125 980 538 564 543 911 492 593 68 137 10 621 353 694 661 978 803 247 766 136 787
556 756 767 469 372 914 153 316 516 919 744 444 552 894 862 170 574 421 971 680 14 53 854 64 0 4 370 29 357 454 501 695 894 588 464 965 759 128 504 231 686 505 504 902 165 589 35 444 78 620
90 608 160 296 547 689 289 116 760 92 864 497 984 422 212 754 195 28 28 797 135 752 937 253 341 312 983 332 189 30 857 661 244 778 681 482 757 562 310 794 217 471 915 926 992 473 490 990 316 290
527 647 144 292 416 53 255 720 237 664 568 14 917 354 909 209 236 974 14 95 487 785 63 267 534 188 857 762 54 7 110 790 830 706 105 849 213 57 321 867 820 640 778 899 651 262 657 53 658 663
561 999 622 359 922 405 273 457 124 533 415 322 769 439 270 641 937 772 808 408 324 887 617 849 337 188 775 499 671 589 990 556 291 400 624 124 233 782 739 359 828 151 491 759 778 633 193 425 765 34
197 237 892 978 824 150 303 30 610 522 635 360 352 478 427 585 593 832 544 622 201 741 834 533 633 104 372 206 914 612 754 500 243 350 797 442 764 308 285 390 45 554 535 521 218 782 80 829 295 339
607 727 355 273 420 262 710 777 167 102 7 334 891 552 994 32 961 224 819 532 422 419 499 204 329 907 51 189 373 0 546 230 80 985 227 102 107 479 151 736 366 688 645 304 443 584 676 982 408 679
190 679 504 253 359 42 42 918 253 174 119 67 853 637 474 553 235 469 894 646 631 642 743 123 264 692 147 964 262 770 239 975 590 849 666 267 479 733 507 902 384 415 179 554 925 648 684 780 799 160
720 817 139 760 186 909 11 453 560 5 807 871 481 569 917 795 412 322 942 289 218 876 17 39 97 571 599 570 749 327 649 339 594 686 763 185 601 490 318 982 100 533 729 778 291 988 263 495 552 964
50 50
549 360 89 291 379 666 982 266 150 720 268 953 663 155 907 539 386 407 777 961 158 159 315 612 206 241 125 12 370 183 805 563 360 27 597 964 852 128 45 652 186 287 1 892 744 44 240 401 526 386
821 241 168 643 608 35 835 605 117 606 188 306 675 815 896 71 507 82 243 219 586 485 696 897 794 926 98 903 56 809 919 187 468 879 87 702 579 464 385 251 604 670 184 586 245 294 808 234 409 217
71 402 576 848 697 394 248 300 247 241 661 299 415 438 947 413 584 762 41 367 415 869 233 514 220 934 732 867 753 790 616 429 289 590 32 62 957 651 792 584 776 146 6 493 70 726 19 306 868 916
861 447 874 136 61 451 98 817 340 523 540 347 943 753 782 341 644 325 236 136 638 400 522 317 189 258 275 73 189 470 471 824 10 459 174 563 455 638 738 835 495 656 934 350 283 591 487 325 332 792
439 559 336 388 838 933 93 804 231 872 399 264 203 842 628 222 915 988 360 513 153 205 566 918 752 791 847 868 876 926 169 658 137 367 297 36 882 554 525 752 227 161 509 25 757 523 990 89 387 846
498 541 344 154 294 768 65 909 158 74 957 166 480 113 380 299 485 927 699 451 633 581 881 539 843 218 115 249 80 643 27 650 856 863 452 777 178 132 537 12 309 412 330 768 209 776 178 92 177 982
851 763 575 942 871 386 793 537 600 450 580 937 590 344 452 313 71 149 565 840 972 263 121 807 321 51 514 516 378 105 487 365 667 433 955 641 636 223 637 176 735 81 139 493 765 374 828 148 769 957
77 869 586 981 162 843 98 835 477 293 2 826 149 55 912 445 218 279 29 905 912 176 946 514 963 59 962 255 526 84 314 479 454 691 687 276 651 476 770 858 814 516 733 753 159 989 920 358 97 809
670 112 307 835 863 533 119 105 700 956 796 20 447 775 338 294 640 721 958 252 469 924 955 477 481 999 585 681 163 349 431 707 148 695 20 545 361 339 315 782 916 266 923 606 18 830 637 155 396 157
378 803 597 368 129 463 598 276 608 535 376 429 214 615 593 880 680 298 256 322 421 956 236 485 555 733 915 88 125 51 376 320 211 575 230 529 964 649 525 609 233 848 115 249 123 820 134 999 35 758
633 665 811 909 882 900 242 317 509 483 701 405 638 19 63 122 589 146 349 186 98 642 680 659 620 289 672 52 117 400 675 475 298 347 271 483 846 365 348 494 771 514 539 901 475 639 185 570 76 173
890 548 502 132 600 389 563 922 721 756 121 386 882 797 616 914 76 796 845 989 19 206 709 199 226 367 576 322 199 654 384 840 661 178 116 400 250 326 454 950 420 663 162 946 620 76 834 749 898 549
312 630 254 136 863 350 704 7 918 247 475 365 946 735 105 645 222 588 127 1 702 811 413 497 754 481 618 204 176 844 685 343 405 752 224 733 411 313 969 994 940 648 835 935 368 541 709 424 62 282
194 514 887 667 687 143 536 733 71 692 670 315 362 198 1 328 842 581 379 41 84 281 784 404 77 994 157 474 927 158 560 345 851 578 819 992 826 385 88 171 309 639 618 836 155 181 156 419 826 80
117 623 433 313 835 494 746 35 647 348 174 770 969 544 266 817 679 496 626 979 956 269 328 772 697 636 8 817 804 245 135 560 584 990 231 928 495 539 737 82 364 460 275 35 278 911 362 97 307 222
323 494 459 474 719 186 695 773 886 158 588 986 913 21 159 977 823 894 623 357 280 949 554 591 807 191 140 235 68 777 622 88 777 827 920 11 931 452 927 483 374 364 256 362 962 929 947 782 634 337
641 199 435 655 168 408 816 993 681 783 515 501 949 224 248 920 467 346 776 620 260 939 750 64 286 196 176 539 211 640 266 351 106 83 802 388 218 727 787 57 922 658 741 131 7 830 613 924 8 321
70 979 412 360 897 828 33 616 873 473 721 1 185 417 836 362 522 381 916 499 60 785 11 89 542 952 616 883 280 217 399 395 619 53 791 727 364 123 320 4 956 18 908 523 392 658 523 919 163 442
383 655 967 535 241 902 573 109 73 280 747 184 56 934 256 771 921 463 426 355 24 836 893 92 603 423 58 942 107 954 694 918 959 725 633 164 953 944 721 313 287 878 596 191 800 434 174 709 352 458
523 616 711 232 391 349 155 451 154 700 768 909 488 652 16 980 989 607 691 715 625 649 466 207 460 815 842 822 5 546 875 383 222 377 666 415 57 209 475 40 95 140 992 180 930 670 321 196 885 820
49 216 933 262 238 93 813 369 733 57 523 561 336 902 142 986 26 404 687 1 438 161 236 377 141 412 736 491 570 129 902 444 335 281 276 478 738 726 434 586 903 216 211 66 271 944 212 256 46 272
661 561 362 371 937 237 171 968 83 654 296 387 719 961 867 364 142 247 28 122 285 760 302 376 884 415 674 280 593 994 325 944 6 818 564 126 50 642 495 403 111 18 218 750 450 148 335 669 196 805
848 45 428 519 789 205 882 155 504 839 614 743 352 471 134 458 896 986 677 45 678 182 488 815 136 983 507 839 506 940 764 50 586 167 332 443 451 668 720 119 177 490 289 750 367 584 769 155 187 36
88 322 268 219 976 828 925 41 562 1 461 18 439 512 554 911 943 714 97 181 936 257 813 710 844 283 981 552 48 108 307 842 324 492 937 168 648 513 688 608 60 679 82 267 237 88 646 661 307 95
144 929 874 392 964 983 575 100 694 791 478 844 752 898 261 613 674 477 888 904 955 325 474 859 660 345 373 569 971 545 696 720 120 141 273 231 279 464 645 750 527 137 778 445 446 690 331 567 628 462
82 4 853 798 655 357 271 331 654 271 171 284 537 864 265 446 833 340 799 113 568 742 969 13 341 313 82 215 133 931 147 880 956 88 268 478 385 111 733 173 997 272 875 881 5 235 577 559 810 270
577 383 771 510 589 656 781 794 729 527 543 991 870 24 68 7 791 453 733 387 197 215 559 648 438 254 172 885 59 2 477 256 789 325 313 182 578 905 23 827 787 437 637 34 59 720 325 815 471 128
630 292 540 939 650 77 854 823 83 205 358 918 457 631 142 330 831 478 987 142 399 532 142 861 105 540 531 213 964 765 411 312 136 615 994 974 874 746 954 763 724 968 129 374 357 990 231 798 438 616
390 841 198 947 889 164 695 184 287 698 236 576 914 363 299 272 964 330 995 904 103 152 106 281 963 355 798 402 671 510 540 903 600 290 639 29 777 751 786 13 301 453 81 485 358 393 451 223 283 718
199 915 597 36 733 177 263 889 458 633 240 933 794 733 364 842 432 476 64 438 599 365 729 332 513 826 10 148 666 752 278 556 47 112 634 37 612 834 504 401 362 257 226 934 392 672 620 10 541 26
543 76 393 758 829 497 61 419 8 44 844 659 170 348 395 167 25 429 143 424 657 979 351 138 726 725 565 362 327 830 270 787 147 204 53 383 474 28 377 279 608 814 355 834 667 820 287 954 811 145
538 204 67 154 705 579 634 445 928 890 659 531 613 421 968 625 350 151 842 553 300 971 299 781 863 245 204 702 812 146 64 425 800 918 598 832 777 236 928 322 416 677 18 992 413 597 390 134 620 575
0 869 241 248 99 580 607 371 11 94 406 945 459 662 951 785 348 2 554 369 584 991 322 282 737 490 12 119 329 734 369 705 294 338 168 689 188 948 90 313 515 688 652 56 391 372 509 91 850 604
311 908 689 228 12 97 705 818 663 47 631 207 245 298 897 392 954 306 770 8 890 881 979 908 517 39 64 686 251 60 762 410 444 690 322 696 663 873 800 563 413 603 742 711 164 528 24 820 259 326
109 769 290 605 859 217 596 117 555 768 789 84 263 485 250 437 120 726 316 354 743 705 893 518 95 820 406 414 234 81 520 253 103 390 855 82 728 287 282 214 916 337 444 553 79 754 357 803 780 241
339 456 420 674 99 983 349 701 329 571 356 518 627 996 391 532 285 428 737 907 160 288 866 441 125 376 918 143 760 920 3 665 431 426 52 820 320 331 270 61 110 115 758 428 621 357 314 226 29 289
496 148 597 425 954 198 396 448 895 392 235 487 425 691 634 739 554 14 18 356 646 291 237 267 81 962 270 785 358 814 574 735 881 533 413 153 237 789 947 660 796 272 675 849 874 924 5 319 315 457
138 843 670 759 585 990 868 814 800 873 904 191 309 95 588 47 300 193 595 633 257 163 259 944 844 476 118 52 747 873 960 307 402 892 479 160 926 338 412 324 268 556 779 275 968 928 757 447 246 497
654 37 748 729 287 250 569 790 39 45 324 312 561 377 139 543 810 453 367 337 231 519 278 900 801 532 781 180 969 268 927 786 992 906 288 100 221 932 764 56 522 896 161 670 739 408 337 509 323 972
45 374 849 539 828 384 458 11 411 806 496 198 19 760 88 335 880 217 416 977 264 341 369 15 950 804 482 763 96 463 291 416 459 264 598 350 574 366 892 504 518 741 446 116 32 275 350 752 938 41
704 505 906 259 23 215 777 773 623 374 75 260 862 574 339 479 87 531 842 808 719 941 135 222 22 184 892 35 500 595 947 237 369 776 137 80 854 255 509 610 835 720 670 681 168 922 383 445 675 177
835 621 895 980 470 895 561 379 982 783 190 439 104 913 96 27 315 922 660 104 943 834 876 625 377 781 750 716 589 789 251 303 542 510 168 503 409 64 566 74 843 565 950 520 73 740 977 843 814 911
562 245 50 396 713 905 892 828 963 10 786 64 483 893 564 760 252 855 801 878 754 210 442 703 623 657 566 311 171 288 792 770 690 906 907 879 822 697 648 629 807 405 810 450 738 223 347 537 78 307
692 219 607 228 542 959 93 485 945 561 836 121 425 256 205 119 752 619 933 172 812 359 755 467 629 563 60 960 502 882 148 650 176 999 661 986 324 325 429 560 629 346 94 199 815 773 129 575 333 105
260 146 667 534 798 870 668 725 883 582 599 359 551 635 662 834 644 712 871 797 230 156 94 363 384 812 153 779 672 237 441 797 803 180 893 837 411 306 372 360 377 159 457 323 790 687 553 136 127 993
924 777 202 579 143 368 529 507 909 431 995 962 833 968 113 999 764 185 674 661 521 952 217 122 609 302 627 720 586 489 232 554 169 995 913 8 42 685 116 525 9 672 871 882 279 527 175 241 310 672
162 20 405 937 551 509 36 580 324 359 301 344 52 489 104 864 46 909 623 765 718 664 912 500 88 700 565 381 867 766 666 406 735 633 19 859 479 278 743 527 772 722 203 748 18 250 702 416 150 852
377 369 825 590 114 259 855 174 876 872 837 834 882 493 112 962 602 261 741 17 794 630 29 268 6 347 430 768 379 791 791 682 658 808 464 623 365 969 106 274 668 264 897 877 961 539 32 106 893 28
495 964 17 854 487 172 551 198 834 380 457 3 626 636 447 670 762 606 320 3 438 88 32 612 128 645 163 531 637 581 755 224 559 209 377 7 112 629 967 717 711 500 454 443 124 478 811 687 115 335
654 227 329 257 671 202 425 466 949 730 748 414 543 236 237 298 326 316 546 55 21 97 301 17 533 461 842 669 190 590 938 898 575 387 970 496 458 373 621 910 602 1 519 705 171 876 100 325 849 933
