50 50
465 581 68 89 562 876 177 218 603 94 310 996 222 867 471 910 144 885 962 705 552 723 382 26 43 653 783 177 759 783 638 913 444 752 555 260 417 970 529 57 465 55 553 466 777 357 669 75 567 754
478 404 396 416 775 738 550 291 965 59 433 351 205 527 683 481 6 311 859 862 969 215 64 467 830 185 664 640 245 988 94 951 552 595 452 858 936 715 798 208 868 154 87 788 418 949 113 476 32 203
395 14 747 68 682 903 522 793 80 974 408 939 610 296 248 845 625 965 909 494 148 596 102 264 436 102 762 203 736 870 961 389 983 636 395 670 923 762 271 370 230 984 95 529 722 854 359 768 918 362
725 541 674 677 152 631 790 30 14 270 511 171 879 347 787 446 825 501 216 54 803 722 197 280 44 254 870 785 157 22 89 525 421 214 807 943 47 884 540 91 514 604 221 420 931 725 696 426 12 483
549 334 102 176 946 657 66 906 381 494 645 298 203 354 507 934 459 890 611 99 136 127 769 165 778 115 523 340 639 182 851 947 833 621 610 841 391 411 612 765 99 892 446 252 441 977 823 102 127 417
891 502 418 219 992 343 24 115 896 146 928 323 509 861 54 57 913 547 7 627 514 202 916 187 138 742 175 125 757 342 847 912 188 806 560 534 461 442 25 741 200 265 896 395 763 343 561 717 363 906
461 574 309 377 695 612 353 819 829 620 140 264 874 641 787 24 550 833 522 8 176 715 8 335 884 813 114 414 924 176 671 130 65 145 221 570 642 374 97 355 871 681 718 382 940 302 521 469 523 382
882 626 745 308 578 814 672 463 729 72 399 344 94 684 845 480 113 136 157 679 468 615 468 696 803 53 815 897 414 499 217 601 503 202 893 454 828 990 828 543 794 249 777 238 182 505 402 287 456 174
149 119 301 439 32 267 737 923 398 203 793 763 997 602 380 977 696 579 588 879 63 816 416 612 825 241 293 663 553 264 341 712 458 704 378 504 634 708 715 784 495 443 392 155 980 288 536 608 492 437
40 30 153 432 60 203 372 141 401 775 580 680 496 255 588 170 802 597 915 301 451 786 681 989 368 287 937 289 312 592 708 930 434 325 519 100 835 271 35 578 733 255 470 954 42 637 752 986 515 711
854 885 786 81 219 899 649 595 276 412 485 314 131 626 102 112 317 949 654 224 896 999 142 750 85 681 47 411 653 542 279 59 509 386 889 535 0 273 752 243 580 661 931 689 562 742 90 621 874 549
860 470 366 830 54 681 440 433 276 965 515 413 941 358 864 541 152 218 854 520 951 877 586 532 459 247 362 481 91 218 288 458 61 961 560 31 442 673 991 962 410 292 920 894 51 145 856 519 141 480
491 408 504 360 894 80 133 72 37 400 283 7 987 817 120 361 591 959 735 841 370 30 722 467 32 55 399 583 762 492 35 41 718 712 582 729 231 236 239 336 778 683 680 121 997 122 915 480 448 585
610 857 537 424 884 675 165 451 290 371 66 147 312 879 821 377 136 486 332 241 510 477 146 573 19 897 377 788 799 105 634 861 267 829 38 878 790 976 256 608 444 156 78 538 161 749 865 684 917 749
475 548 211 31 713 424 867 423 414 810 83 297 132 818 981 398 785 327 336 255 239 36 858 350 192 654 99 344 576 886 759 165 394 145 80 964 111 911 852 569 298 860 537 526 263 71 677 303 510 327
204 119 655 387 468 451 186 918 380 432 697 814 444 454 328 551 935 510 300 941 658 898 94 841 29 392 919 941 777 869 520 282 789 397 766 838 629 290 961 865 221 310 516 647 543 521 456 365 965 95
120 543 35 474 145 518 365 982 118 203 774 369 651 952 308 229 318 695 23 992 133 74 351 490 489 171 11 604 656 677 727 647 384 538 14 855 140 977 266 722 747 943 967 836 736 414 715 379 128 700
445 285 758 752 911 174 220 154 846 743 895 184 746 332 542 280 730 77 513 387 442 678 707 630 393 648 413 55 383 120 164 574 49 941 552 366 109 627 486 843 743 190 869 977 701 655 842 375 188 264
620 298 859 781 314 613 999 341 864 344 420 921 712 489 982 112 151 349 387 872 547 788 760 523 125 622 636 626 911 276 684 524 822 71 93 116 300 265 627 357 379 593 254 797 654 814 598 590 270 856
213 693 358 387 128 988 384 98 84 785 118 138 190 668 203 410 379 978 999 797 399 885 733 312 142 711 201 467 477 613 796 512 2 690 661 977 21 912 461 449 405 513 345 810 73 636 238 332 100 782
198 713 961 784 895 780 567 309 963 311 792 641 387 804 816 209 683 227 720 20 231 136 899 133 43 284 255 71 428 267 957 272 759 246 478 591 487 680 945 899 889 591 405 241 354 995 699 810 838 422
702 924 130 774 899 556 18 237 513 277 274 465 973 143 710 578 19 600 491 115 277 40 692 214 803 812 363 245 624 255 825 50 435 301 671 351 310 206 19 671 483 547 628 4 914 899 289 23 463 363
417 931 596 633 258 413 978 566 3 55 588 458 308 542 212 438 257 820 100 467 9 706 431 713 509 566 507 480 471 461 79 258 78 477 148 334 190 354 419 547 439 338 186 798 680 731 23 972 358 677
499 875 61 109 886 809 389 803 430 188 771 265 579 97 397 920 299 70 714 551 60 79 7 132 312 538 528 776 330 961 821 522 391 948 29 584 572 837 346 368 864 20 196 465 893 622 637 614 132 463
796 429 155 914 220 138 993 690 32 166 694 395 514 341 5 46 497 204 639 933 508 839 427 648 343 760 233 526 651 352 185 558 187 368 587 219 339 237 262 358 762 682 985 696 510 907 305 351 905 524
735 859 461 291 812 27 960 749 607 939 66 779 263 707 814 160 667 364 161 792 373 724 80 287 591 873 694 971 436 260 426 313 20 146 391 225 96 915 334 527 325 302 712 266 891 910 271 595 600 526
7 412 547 274 481 91 581 359 327 169 430 468 725 87 649 194 68 609 171 857 302 357 332 984 231 550 592 512 65 231 209 231 284 74 320 121 128 446 864 935 103 27 893 2 349 447 397 208 683 541
703 887 131 742 734 984 888 816 994 765 658 339 85 563 255 688 871 50 991 658 530 527 259 908 140 172 66 190 149 492 724 568 563 506 607 930 395 408 960 632 350 141 932 190 939 453 152 596 747 784
588 866 237 632 715 627 731 212 820 917 878 471 460 66 331 925 196 124 825 464 795 59 659 802 586 288 511 269 895 399 42 912 451 145 993 533 437 83 490 354 478 502 146 46 549 520 672 400 839 490
908 599 319 217 838 582 386 782 269 407 585 385 544 723 872 437 400 183 69 282 180 903 356 465 801 772 912 20 901 898 651 577 730 462 398 750 585 477 149 378 725 905 470 93 807 941 960 212 488 166
1 451 496 389 546 672 856 239 475 336 358 900 114 78 599 163 190 769 520 716 902 633 963 571 508 546 647 485 447 637 237 560 655 643 244 13 736 463 623 937 382 816 833 638 757 754 429 143 50 144
195 63 489 476 476 27 235 719 603 753 569 723 161 821 357 245 442 134 460 523 235 431 264 497 105 445 355 494 654 448 288 234 308 612 899 920 2 960 479 45 591 927 422 817 958 406 677 219 369 606
763 796 71 90 543 452 270 543 52 801 753 823 765 748 502 668 873 815 905 50 325 630 643 484 414 698 657 572 282 766 867 721 611 268 488 382 511 906 287 900 746 437 526 751 75 200 778 681 625 251
456 53 962 944 174 280 750 4 692 523 227 346 910 122 821 760 74 186 603 102 394 144 412 887 841 141 912 338 297 984 886 438 328 628 405 440 500 83 604 347 671 66 234 578 691 935 213 76 818 857
738 444 476 552 321 903 472 267 259 558 943 295 280 858 85 621 923 711 918 947 554 746 338 714 494 270 524 234 713 571 655 764 72 906 662 680 343 295 796 802 242 0 899 266 923 629 670 107 15 22
672 491 79 339 942 307 431 356 522 519 927 332 869 241 216 186 240 824 474 744 642 901 722 315 353 384 419 137 832 333 311 636 286 106 679 451 308 490 377 330 223 610 200 77 973 473 315 129 460 519
174 285 961 251 486 243 338 204 92 307 112 69 505 982 980 682 669 564 34 957 924 937 735 383 65 576 311 75 402 153 437 404 213 680 602 127 851 102 884 76 193 55 12 882 930 567 373 233 35 422
359 102 458 963 133 691 885 190 245 217 337 796 391 499 55 850 991 463 319 623 510 782 126 449 508 906 168 778 130 730 784 699 981 287 892 566 493 98 263 587 704 64 761 147 940 133 589 92 523 500
201 192 167 830 439 770 131 543 612 282 224 448 781 936 373 600 777 6 569 7 933 548 520 159 940 186 768 529 528 564 271 166 825 785 987 157 537 223 947 839 89 286 873 430 433 987 402 370 180 386
240 513 273 559 624 421 209 779 47 982 313 4 649 467 510 987 14 229 229 223 76 681 783 264 180 745 820 598 571 242 38 709 284 766 956 808 485 586 208 124 92 536 253 721 874 474 940 330 809 975
366 67 287 595 264 935 846 591 147 3 835 754 908 704 73 791 200 406 642 124 96 508 61 281 991 340 404 839 357 560 458 462 797 798 413 517 169 223 153 493 175 882 482 868 421 776 168 373 210 641
789 431 433 936 808 183 125 205 290 971 487 482 249 930 368 195 201 348 151 16 63 368 202 571 248 263 172 857 456 966 930 701 699 764 711 197 278 648 493 246 145 474 273 252 934 564 71 473 352 649
0 669 103 302 468 392 788 26 353 181 486 451 22 796 984 319 426 931 634 110 942 465 759 938 54 849 121 323 35 251 96 265 743 261 983 929 800 480 532 269 259 868 449 258 179 271 200 869 312 889
50 382 821 182 532 872 182 398 276 515 208 5 551 127 692 135 17 120 813 111 460 95 467 271 652 638 721 652 624 947 498 579 735 745 768 669 637 496 810 823 70 984 159 478 960 905 716 144 172 794
931 567 407 918 751 115 119 249 273 102 309 970 489 922 359 15 376 810 478 159 103 691 581 441 614 573 638 485 49 768 910 345 198 740 643 828 613 594 691 727 367 633 292 698 338 382 396 427 302 852
78 872 268 501 92 311 717 487 393 171 145 331 266 992 871 799 338 713 639 661 788 153 953 571 89 745 751 210 348 116 972 493 77 472 326 445 949 555 810 801 209 148 773 948 851 675 994 891 776 936
327 949 788 289 585 785 627 789 446 301 61 284 344 149 498 746 836 523 633 6 250 302 859 259 56 214 894 956 933 29 851 341 815 172 493 549 994 668 783 853 680 84 856 19 804 606 85 741 488 619
291 66 405 326 479 663 464 758 962 938 590 640 564 36 675 822 699 174 316 727 487 461 308 798 785 426 868 228 497 396 928 104 346 763 756 979 930 759 690 219 641 325 134 99 262 308 533 978 137 502
202 795 151 314 513 604 812 102 368 843 136 77 235 628 517 845 918 521 206 612 38 167 394 504 930 986 693 825 708 676 354 823 202 952 759 99 66 966 792 519 554 142 791 817 12 563 670 976 827 544
503 73 884 751 767 766 814 820 525 808 652 338 604 127 51 708 774 660 370 162 39 129 5 265 65 675 445 741 482 135 947 769 223 463 233 151 87 562 348 125 419 52 770 402 810 321 867 913 451 746
50 50
111 668 226 69 968 135 233 950 498 534 283 220 733 107 4 415 969 116 10 60 14 839 108 2 925 113 394 141 597 781 653 610 76 98 852 78 73 43 668 659 832 59 367 251 972 642 398 545 558 703
846 558 720 97 157 353 226 216 328 572 976 382 503 162 396 398 556 745 346 533 558 578 28 837 259 455 721 430 127 997 355 951 741 535 242 456 880 790 463 512 349 663 868 514 972 960 483 590 472 321
216 646 270 312 912 370 865 208 488 587 923 251 119 181 232 75 472 807 749 359 620 499 595 223 9 914 154 558 359 331 876 69 425 433 640 74 59 20 416 3 464 217 547 349 905 937 301 803 777 422
612 993 602 407 669 507 834 592 532 815 598 670 59 17 499 96 440 777 505 125 484 874 128 841 571 359 104 822 259 960 357 131 602 6 239 851 517 661 197 296 210 830 471 983 326 952 177 194 841 179
473 146 279 462 811 48 731 483 737 101 670 383 656 715 519 264 428 17 634 720 757 254 687 50 404 624 796 187 634 763 500 645 249 667 906 466 955 128 62 491 337 420 405 171 199 563 225 956 714 261
125 674 21 685 58 534 832 204 512 832 512 552 983 944 859 385 434 939 38 266 744 584 932 225 894 434 815 473 586 193 310 371 634 448 856 746 502 703 139 904 443 26 0 571 223 748 348 162 552 655
104 249 697 256 29 790 168 595 878 453 773 779 846 873 726 685 262 422 71 90 24 0 735 259 303 15 436 729 940 111 929 685 340 228 458 731 41 864 215 959 894 689 263 570 998 362 469 842 145 297
217 69 9 10 738 96 644 913 709 818 252 237 942 582 751 438 329 281 640 899 280 763 415 614 232 838 986 236 608 559 941 958 489 604 768 269 184 215 831 283 348 951 812 334 843 365 351 116 866 873
198 432 990 636 997 351 723 442 852 743 566 121 167 981 691 685 580 136 845 606 938 276 580 696 136 974 764 363 26 264 991 982 808 194 73 341 691 531 125 16 414 815 463 993 528 433 8 855 35 886
456 331 256 473 278 974 788 377 819 998 694 906 301 51 163 492 133 352 756 384 998 209 602 108 988 37 739 519 257 407 740 514 675 658 730 77 194 85 578 964 351 394 213 251 183 949 290 537 217 424
757 22 844 682 610 820 323 460 606 44 284 39 188 217 676 292 58 715 592 736 754 717 886 710 353 166 924 493 832 925 814 421 364 783 167 398 630 559 627 378 92 82 979 357 901 71 687 628 650 777
181 878 577 613 866 344 118 680 389 807 223 708 951 31 103 557 861 251 856 640 539 551 869 494 396 638 972 643 899 364 252 731 626 725 458 766 636 992 404 131 41 925 489 572 976 108 941 953 416 103
518 946 182 629 552 440 113 519 674 473 825 671 402 832 416 81 710 61 246 664 494 327 368 349 540 242 157 9 444 119 288 686 390 117 32 263 370 183 636 687 862 787 802 887 998 91 525 564 39 893
362 842 821 41 425 528 269 281 420 55 771 215 158 852 756 994 297 69 310 629 613 373 10 87 357 672 248 303 795 928 17 147 929 300 924 711 307 651 478 435 915 324 216 799 737 230 73 591 769 648
634 230 683 533 153 837 130 280 531 486 354 174 489 860 87 50 510 162 868 472 225 528 403 863 305 170 674 798 901 325 99 451 183 917 137 316 370 599 721 548 133 648 285 378 112 947 62 791 382 487
273 37 944 12 268 164 238 379 131 338 380 366 699 147 735 679 626 731 386 126 4 393 837 832 559 307 442 98 817 860 145 724 322 417 989 929 127 295 229 843 418 68 277 453 72 199 288 134 908 982
150 229 20 970 324 879 170 804 651 251 884 181 271 923 601 399 649 625 234 202 397 96 382 844 752 485 898 714 601 518 321 894 718 133 92 686 667 739 120 12 879 788 294 633 292 928 505 842 936 410
248 404 629 121 349 732 388 319 493 223 878 10 610 154 969 675 3 746 273 562 197 632 722 874 945 215 10 233 765 296 368 714 612 608 309 245 939 930 764 343 105 382 268 297 248 470 16 199 86 406
48 756 675 664 644 319 747 92 283 589 630 411 399 531 603 834 220 734 379 666 4 77 693 703 279 198 24 756 107 942 141 61 717 673 902 862 233 820 421 127 338 822 166 687 119 275 80 675 664 659
513 629 371 197 329 735 430 866 809 590 981 235 592 886 609 182 973 976 989 873 177 15 903 821 406 63 283 742 766 759 428 192 883 651 192 918 12 979 114 926 180 286 596 44 958 218 918 204 18 44
820 799 829 418 300 138 302 767 634 544 504 298 730 15 993 244 133 703 384 970 629 434 402 77 29 738 10 34 957 243 358 400 379 442 565 167 739 116 67 814 18 636 406 911 171 374 333 728 677 264
891 105 742 376 575 510 588 249 343 450 355 437 35 264 861 272 322 445 413 631 223 615 394 972 218 273 573 493 386 539 867 135 673 237 47 429 209 818 288 555 782 965 629 850 888 277 440 667 115 14
403 655 650 657 244 284 968 591 624 956 10 36 493 87 510 486 168 160 707 597 393 564 466 758 464 499 669 372 495 338 775 857 363 957 646 211 801 19 7 519 488 136 267 774 962 370 371 687 6 409
230 161 779 94 64 555 754 923 920 942 944 599 169 439 192 422 443 511 321 935 516 172 871 719 348 701 691 635 422 695 922 726 850 237 70 360 635 231 258 129 782 944 371 171 144 534 754 82 577 927
302 448 397 67 938 965 581 59 20 99 482 285 674 139 603 728 949 104 176 298 70 281 415 639 497 953 165 189 667 503 698 458 980 836 641 644 34 495 617 470 851 27 717 789 226 424 413 712 876 911
173 40 973 681 820 530 717 258 884 877 464 601 775 790 319 872 243 622 239 518 722 908 474 304 455 449 520 594 580 358 340 601 561 623 749 259 575 824 428 211 247 268 982 825 660 43 449 797 579 603
592 890 954 666 290 128 480 959 123 493 978 622 842 903 937 978 242 798 342 343 318 296 876 432 321 961 170 894 513 864 936 774 124 67 219 150 959 742 15 575 341 732 315 276 150 403 351 186 451 874
583 490 973 251 770 389 676 918 504 678 647 368 107 819 440 264 541 177 800 976 310 612 936 871 748 97 879 30 569 924 773 244 361 434 448 195 103 875 71 242 766 794 159 149 762 945 784 837 963 219
892 38 56 880 606 217 139 985 632 319 458 673 802 130 37 237 975 560 532 29 231 678 576 208 615 860 363 81 574 667 594 738 695 504 793 128 475 456 105 188 843 970 168 181 428 971 779 163 592 2
1 731 65 957 325 832 929 554 969 562 546 794 934 691 111 213 789 486 556 138 911 439 642 701 808 489 285 966 663 590 654 108 792 117 540 724 24 249 788 44 991 38 8 23 846 579 366 652 362 867
775 830 246 366 652 135 417 731 904 912 634 563 80 391 620 615 895 398 882 860 819 305 288 832 995 776 720 22 744 257 895 917 614 298 329 600 822 261 757 387 260 996 244 273 95 657 984 84 170 641
301 493 505 806 449 758 859 777 872 55 850 501 769 751 656 518 629 532 335 940 80 821 725 435 394 115 253 354 675 447 45 793 330 733 403 794 756 131 511 32 851 900 334 68 697 896 746 681 901 207
416 979 602 834 790 10 498 536 908 290 819 316 50 723 563 409 845 97 384 404 899 923 884 874 249 896 687 281 785 342 819 272 649 12 111 891 381 659 999 931 10 969 296 689 187 747 560 256 183 159
301 337 639 498 472 395 618 248 339 385 524 874 640 465 48 474 284 26 607 797 466 697 324 473 56 451 867 749 918 379 246 281 894 914 71 222 557 89 281 253 411 139 30 407 481 579 857 288 65 572
598 712 927 416 341 664 671 435 506 279 584 652 637 664 944 650 2 106 387 450 124 987 106 515 430 965 802 837 272 741 324 534 505 909 438 721 574 735 723 230 381 451 49 957 226 495 528 238 0 642
233 782 491 15 429 91 407 450 920 460 788 805 588 594 593 992 520 893 161 519 387 493 446 682 808 290 901 355 581 860 374 385 272 943 705 992 824 121 907 705 795 763 92 398 960 719 429 896 820 372
269 714 913 556 641 689 284 577 602 511 533 729 268 48 886 830 940 419 85 830 711 997 914 473 267 793 8 721 468 227 265 949 363 877 838 21 36 439 497 748 436 256 908 458 663 301 211 893 885 561
768 329 122 630 795 73 256 239 152 12 819 972 800 248 169 391 534 476 838 112 962 669 890 776 180 699 585 359 614 506 977 178 464 205 424 357 107 624 292 452 130 533 979 108 80 742 802 609 89 230
927 184 224 575 655 334 467 452 761 270 12 384 561 96 543 395 495 835 892 975 558 804 216 19 899 305 984 188 964 228 231 885 663 792 936 852 626 507 80 619 921 872 605 589 271 816 199 579 920 116
794 296 407 964 424 813 125 991 92 107 832 476 199 392 627 787 326 417 207 535 193 631 998 733 570 369 660 998 102 449 725 512 501 142 990 641 917 595 115 112 424 390 439 509 761 656 242 51 634 754
645 197 616 789 261 672 298 593 444 41 130 699 963 318 781 631 766 920 67 925 514 191 6 870 664 955 757 459 186 175 295 978 578 912 450 416 731 335 806 163 129 640 809 206 613 142 577 18 969 492
601 426 506 382 708 390 984 216 19 447 129 50 325 560 393 576 349 282 390 51 164 699 228 178 267 156 615 370 512 192 197 680 914 801 347 550 941 777 307 894 547 100 968 663 107 886 330 159 810 586
482 737 998 728 351 494 802 198 770 174 405 218 689 731 618 618 620 592 812 808 575 208 773 674 254 308 246 625 419 86 216 527 854 877 902 653 446 267 831 899 682 766 916 75 21 127 580 778 792 915
284 319 121 332 484 973 675 554 881 855 230 616 458 868 268 156 444 852 196 399 6 868 249 829 868 173 732 581 512 297 546 671 897 929 587 739 324 145 100 679 82 499 803 66 408 75 342 956 15 451
24 155 84 892 955 51 477 541 642 18 434 397 856 859 418 317 224 369 811 987 419 66 634 31 437 207 364 136 206 392 480 51 492 275 436 603 405 860 759 364 69 535 638 663 631 649 516 925 255 647
233 108 782 578 160 542 473 873 319 852 391 749 867 686 49 186 631 94 982 749 699 367 446 956 170 708 233 860 35 88 763 155 290 260 893 554 242 454 269 934 333 397 988 236 37 528 128 358 920 809
876 263 187 955 245 202 314 674 514 267 631 815 125 885 939 354 629 202 638 876 51 119 408 980 6 172 506 906 324 443 242 882 460 890 391 291 252 654 738 78 852 888 722 405 918 4 830 47 224 13
869 100 724 178 961 154 962 677 689 723 589 902 366 798 657 881 430 233 615 635 479 242 667 315 789 154 267 966 937 975 830 799 334 875 121 533 390 130 448 407 375 589 118 856 608 597 900 846 620 747
369 349 225 29 771 865 976 367 8 836 220 739 264 796 896 552 405 475 654 745 731 252 36 73 278 811 622 595 23 668 166 402 545 908 330 683 496 852 905 857 134 283 688 359 969 564 8 654 450 232
726 382 125 64 94 623 102 774 704 319 683 55 125 940 787 230 467 225 420 877 136 286 700 780 311 670 443 792 535 478 60 427 765 429 16 714 420 791 163 379 885 309 269 385 183 936 956 307 489 279
